0 684105.125 4620825.0
1 691068.125 4619245.0
2 686173.625 4618852.0
3 677563.125 4617664.0
4 705405.1875 4615480.0
5 706217.8125 4612970.0
6 692311.125 4612798.0
7 681531.6875 4612608.0
8 697579.125 4611432.0
9 694277.125 4610888.0
10 701981.625 4610522.0
11 692743.5 4609735.0
12 711908.125 4607092.0
13 685319.625 4607018.0
14 692836.375 4606629.0
15 684733.625 4604870.0
16 705088.6875 4604142.0
17 709559.375 4604121.0
18 696324.1875 4600869.0
19 692018.0 4598461.0
20 705067.3125 4598077.0
21 711149.1875 4597847.0
22 690289.125 4597444.0
23 684729.1875 4596820.0
24 699817.375 4594687.0
25 690251.0 4594624.0
26 696608.375 4592420.0
27 698828.375 4592206.0
28 712790.625 4591880.0
29 688877.8125 4590962.0
30 684173.8125 4590846.0
31 694063.3125 4590071.0
32 713880.8125 4589636.0
33 685746.6875 4587366.0
34 688105.4375 4586834.0
35 700507.3125 4586617.0
36 702622.375 4586430.0
37 713942.875 4586090.0
38 695108.125 4585492.0
39 513091.3125 4584679.0
40 692525.3125 4584605.0
41 485617.0 4584266.0
42 523591.09375 4584241.0
43 718132.125 4584092.0
44 491093.1875 4583506.0
45 502396.59375 4583066.0
46 705562.875 4582945.0
47 698922.5 4582878.0
48 500617.6875 4582638.0
49 508169.8125 4582190.0
50 712135.8125 4581961.0
51 504776.0 4581242.0
52 703857.125 4580917.0
53 488835.3125 4580350.0
54 453309.40625 4580293.0
55 717850.875 4580292.0
56 708451.3125 4580083.0
57 715337.625 4580048.0
58 697441.8125 4579948.0
59 519614.6875 4579391.0
60 544531.75 4579366.0
61 446150.3125 4578692.0
62 689957.0 4578451.0
63 581585.375 4578054.0
64 475807.0 4577450.0
65 473941.8125 4577428.0
66 483200.59375 4577024.0
67 488884.3125 4576507.0
68 573979.5 4575793.0
69 675666.8125 4575559.0
70 704275.6875 4574524.0
71 461747.09375 4574024.0
72 499740.0 4573790.0
73 683335.125 4573499.0
74 688806.3125 4573333.0
75 481465.8125 4573217.0
76 487227.90625 4572069.0
77 414800.3125 4571888.0
78 543430.8125 4571476.0
79 411824.09375 4571308.0
80 699628.625 4571219.0
81 695021.125 4571195.0
82 473659.6875 4571022.0
83 458202.09375 4570782.0
84 419183.09375 4570623.0
85 494140.5 4570566.0
86 417251.6875 4570096.0
87 517381.09375 4569942.0
88 407201.1875 4569853.0
89 581348.6875 4569553.0
90 440797.1875 4569228.0
91 404116.5 4569106.0
92 479196.09375 4568948.0
93 569720.125 4568948.0
94 431047.1875 4568770.0
95 402529.59375 4568297.0
96 541440.375 4568089.0
97 427938.59375 4568039.0
98 640725.5 4567983.0
99 437494.0 4567967.0
100 447567.6875 4567946.0
101 416212.59375 4567931.0
102 423518.90625 4567925.0
103 398997.40625 4567491.0
104 555683.625 4567424.0
105 444102.40625 4566869.0
106 577192.9375 4566436.5
107 502022.0 4566425.0
108 422589.59375 4566348.0
109 655300.8125 4566086.0
110 434906.6875 4566047.0
111 587749.3125 4565899.0
112 484821.3125 4565354.0
113 552772.3125 4565336.0
114 411630.6875 4565305.0
115 436855.28125 4564913.5
116 448803.8125 4564607.0
117 548602.625 4564244.0
118 401745.40625 4563858.0
119 521850.1875 4563442.0
120 423177.1875 4563248.0
121 446903.59375 4563085.0
122 556215.875 4562901.0
123 692971.875 4562585.0
124 441497.59375 4562250.0
125 537455.375 4562127.0
126 529011.1875 4561610.0
127 439498.40625 4561496.0
128 432980.3125 4561492.0
129 490130.1875 4561027.0
130 558998.8125 4560737.0
131 568960.125 4560577.0
132 446273.1875 4560476.0
133 501565.5 4560184.0
134 400574.40625 4560148.0
135 465691.3125 4560033.0
136 508549.59375 4559976.0
137 494228.6875 4559699.0
138 484832.5 4559647.0
139 514005.09375 4559352.0
140 534231.6875 4559101.0
141 620749.3125 4559077.0
142 439651.09375 4559030.0
143 449415.90625 4558820.0
144 435783.1875 4558777.0
145 442907.6875 4558601.0
146 531572.375 4558598.0
147 497535.90625 4558305.0
148 692455.8125 4558295.0
149 526805.375 4558010.0
150 614796.125 4557767.0
151 399388.3125 4557722.0
152 517658.59375 4557671.0
153 407207.3125 4557263.0
154 525796.125 4556996.0
155 438520.8125 4556927.0
156 487334.3125 4556816.0
157 561011.625 4556783.0
158 446319.1875 4556585.0
159 546048.3125 4556296.0
160 450576.5 4556022.0
161 553326.1875 4555945.0
162 620541.875 4555773.0
163 628435.5 4555576.0
164 578482.625 4555292.0
165 394630.6875 4555207.0
166 512647.5 4555185.0
167 622758.125 4555096.0
168 506077.8125 4555082.0
169 686513.875 4555017.0
170 416571.5 4554971.0
171 413391.5 4554953.0
172 453122.40625 4554922.0
173 443983.5 4554603.0
174 491963.0 4554547.0
175 464859.90625 4554310.0
176 692001.8125 4554278.0
177 607061.8125 4554199.0
178 421420.0 4553996.0
179 574065.375 4553939.0
180 434318.3125 4553733.0
181 583501.5 4553600.0
182 522355.1875 4553533.0
183 500203.90625 4553525.0
184 493604.59375 4553440.0
185 441530.90625 4553417.0
186 602588.5 4553405.0
187 405702.8125 4553380.0
188 587449.8125 4553378.0
189 636830.8125 4553329.0
190 599033.625 4553212.0
191 375050.90625 4553055.0
192 517422.59375 4552965.0
193 447915.59375 4552818.0
194 525956.875 4552665.0
195 411343.6875 4552644.0
196 617869.0 4552621.0
197 590028.5625 4552364.5
198 548818.125 4552218.0
199 503442.90625 4552001.0
200 579282.375 4551916.0
201 454604.59375 4551910.0
202 525455.5 4551637.0
203 492746.09375 4551525.0
204 349463.0 4551349.0
205 647841.375 4551306.0
206 572297.625 4551253.0
207 354201.6875 4551139.0
208 447503.6875 4551097.0
209 585956.1875 4551012.0
210 378805.59375 4550958.0
211 384211.09375 4550956.0
212 437548.5 4550948.0
213 512044.90625 4550902.0
214 499469.40625 4550895.0
215 415279.40625 4550832.0
216 502247.59375 4550792.0
217 403073.0 4550787.0
218 409652.1875 4550738.0
219 443810.59375 4550722.0
220 692981.8125 4550369.0
221 507002.09375 4550238.0
222 363976.8125 4550161.0
223 468337.9375 4549879.0
224 514819.1875 4549868.0
225 473062.3125 4549833.0
226 457309.59375 4549698.0
227 465694.90625 4549655.0
228 392809.0 4549646.0
229 451584.6875 4549597.0
230 524136.5 4549441.0
231 544744.625 4549383.0
232 618495.3125 4549311.0
233 564946.1875 4549287.0
234 509500.0 4549116.0
235 603580.125 4549052.0
236 397259.09375 4549047.0
237 355288.3125 4548985.0
238 607914.3125 4548977.0
239 469994.09375 4548948.0
240 642280.125 4548923.0
241 575820.875 4548851.0
242 519257.8125 4548784.0
243 690598.8125 4548774.0
244 630336.625 4548699.0
245 566498.375 4548632.0
246 491078.90625 4548591.0
247 462039.3125 4548586.0
248 426811.5 4548567.0
249 373585.3125 4548491.0
250 485502.90625 4548447.0
251 406755.1875 4548421.0
252 372118.8125 4548360.0
253 563725.8125 4548055.5
254 439591.3125 4548050.0
255 495332.90625 4548047.0
256 436614.90625 4548005.0
257 444796.6875 4547981.0
258 624336.375 4547977.0
259 555493.875 4547864.0
260 475512.6875 4547761.0
261 515787.8125 4547639.0
262 533699.5 4547623.0
263 495977.0 4547593.0
264 633412.3125 4547482.0
265 379737.90625 4547415.0
266 540911.8125 4547369.0
267 416576.5 4547333.0
268 478234.6875 4547270.0
269 408147.6875 4547080.0
270 590043.375 4546736.0
271 547872.625 4546542.0
272 520551.6875 4546531.0
273 454460.59375 4546459.0
274 345294.0 4546413.0
275 483786.59375 4546391.0
276 346566.8125 4546158.0
277 448465.8125 4546119.0
278 575397.8125 4546052.0
279 560912.1875 4545958.0
280 496270.8125 4545719.0
281 580864.3125 4545621.0
282 522504.40625 4545275.0
283 479409.40625 4545235.0
284 625663.375 4545218.0
285 466592.8125 4545183.0
286 503991.3125 4545151.0
287 449449.1875 4545038.0
288 489235.8125 4545033.0
289 559804.5 4545013.0
290 599961.625 4544931.0
291 451402.8125 4544902.0
292 470626.5 4544842.0
293 508267.8125 4544547.0
294 420251.1875 4544520.0
295 586066.375 4544424.0
296 515897.5 4544299.0
297 537327.375 4544282.0
298 464557.09375 4544268.0
299 546305.625 4544259.0
300 617903.3125 4544171.0
301 692633.625 4544168.0
302 473725.09375 4544021.0
303 380263.1875 4543969.0
304 344671.09375 4543924.0
305 335404.1875 4543827.0
306 689596.875 4543781.0
307 481004.0 4543441.0
308 510947.90625 4543439.0
309 412122.1875 4543373.0
310 442231.40625 4543363.0
311 684570.3125 4543359.0
312 338629.1875 4543351.0
313 558582.125 4543296.0
314 332034.0 4543233.0
315 551771.6875 4543201.0
316 492360.3125 4543105.0
317 601881.8125 4543098.0
318 632210.625 4543044.0
319 398881.0 4543029.0
320 590003.8125 4542810.0
321 347613.1875 4542586.0
322 642587.125 4542581.0
323 664408.875 4542181.0
324 396104.90625 4542062.0
325 485486.40625 4541929.0
326 613826.625 4541908.0
327 566964.375 4541810.0
328 523493.0 4541776.0
329 492359.3125 4541623.0
330 531574.875 4541612.0
331 503132.90625 4541594.0
332 555793.875 4541518.0
333 571576.875 4541518.0
334 446314.3125 4541456.0
335 528381.875 4541323.0
336 467153.8125 4541204.0
337 346602.3125 4541186.0
338 480891.3125 4541103.0
339 475239.09375 4541066.0
340 456373.0 4540963.0
341 513410.0 4540917.0
342 553563.0625 4540645.5
343 461449.3125 4540565.0
344 387479.3125 4540514.0
345 564256.1875 4540456.0
346 356247.0 4540446.0
347 459357.09375 4540445.0
348 452281.3125 4540387.0
349 443963.59375 4540232.0
350 454313.90625 4540226.0
351 532039.625 4540151.0
352 585564.6875 4540146.0
353 416907.3125 4540074.0
354 334710.8125 4540011.0
355 398502.8125 4539993.0
356 524603.125 4539950.0
357 336843.0 4539915.5
358 517628.6875 4539915.0
359 623315.625 4539867.0
360 346454.8125 4539808.0
361 470615.59375 4539723.0
362 625191.6875 4539568.0
363 343862.5 4539366.0
364 330261.0 4539339.0
365 446810.09375 4539338.0
366 534762.3125 4539284.0
367 455477.6875 4539226.0
368 494805.90625 4539211.0
369 468794.3125 4539001.0
370 424585.1875 4538975.0
371 488077.59375 4538857.0
372 462702.59375 4538778.0
373 379945.40625 4538773.0
374 685776.0 4538756.0
375 481542.90625 4538625.0
376 427284.3125 4538575.0
377 629602.8125 4538484.0
378 553099.625 4538446.0
379 392945.90625 4538407.0
380 405354.40625 4538389.0
381 396595.40625 4538328.0
382 457003.4375 4538155.5
383 366965.5 4538073.0
384 554815.375 4538024.0
385 481869.90625 4537862.0
386 415567.09375 4537861.0
387 465893.90625 4537802.0
388 377026.59375 4537787.0
389 498531.5 4537727.0
390 342572.5 4537660.0
391 336705.5 4537613.0
392 364208.1875 4537416.0
393 426443.6875 4537373.0
394 327047.59375 4537321.0
395 650640.625 4537274.0
396 551458.625 4537250.0
397 501454.1875 4537216.0
398 459496.0 4537169.0
399 333049.09375 4537126.0
400 601609.0 4537042.0
401 450638.0 4537018.0
402 644454.875 4536970.0
403 559109.875 4536951.0
404 472037.09375 4536842.0
405 527501.3125 4536808.0
406 580395.9375 4536743.5
407 619465.8125 4536604.0
408 504744.40625 4536443.0
409 452472.90625 4536385.0
410 488819.6875 4536241.0
411 445852.59375 4536239.0
412 690557.0 4536161.0
413 539399.3125 4536136.0
414 578231.75 4536051.0
415 496670.59375 4535721.0
416 503295.09375 4535576.0
417 548764.3125 4535521.0
418 335078.09375 4535422.0
419 376147.90625 4535022.5
420 325423.8125 4534967.0
421 568362.9375 4534839.0
422 366091.3125 4534807.0
423 433204.40625 4534650.0
424 615102.8125 4534625.0
425 595018.625 4534598.0
426 404059.3125 4534541.0
427 347661.6875 4534418.0
428 530154.125 4534369.0
429 543088.0 4534369.0
430 341395.3125 4534191.0
431 475648.8125 4534172.0
432 631375.0 4534071.0
433 329135.0 4533862.0
434 420474.6875 4533854.0
435 451402.5 4533846.0
436 369438.1875 4533772.0
437 512244.90625 4533753.0
438 449260.0 4533556.0
439 553851.125 4533145.0
440 623931.0 4533118.0
441 454281.0 4533029.0
442 490585.90625 4532845.0
443 511786.59375 4532807.0
444 398989.1875 4532768.0
445 661200.3125 4532689.0
446 338278.40625 4532677.0
447 669779.8125 4532606.0
448 517633.0 4532463.0
449 458469.1875 4532443.0
450 493268.0 4532416.0
451 677972.3125 4532360.0
452 573383.9375 4532328.5
453 332925.5 4532303.0
454 514791.40625 4532248.0
455 377357.0 4532242.0
456 500278.8125 4532169.0
457 339205.6875 4532167.0
458 534851.875 4531768.0
459 282720.90625 4531655.0
460 379583.8125 4531490.0
461 451719.6875 4531247.0
462 559740.6875 4531189.0
463 327426.8125 4531151.0
464 463329.59375 4530955.0
465 430482.0 4530873.0
466 528548.125 4530857.0
467 570960.0 4530856.5
468 421550.5 4530704.0
469 411691.5 4530340.0
470 666548.3125 4530221.0
471 525787.8125 4530203.0
472 489009.8125 4530124.0
473 290334.90625 4529826.0
474 470867.09375 4529728.0
475 497778.09375 4529634.0
476 287004.59375 4529546.0
477 456058.0 4529393.0
478 404877.6875 4529292.0
479 627773.875 4529254.0
480 395481.40625 4528944.0
481 682989.375 4528904.0
482 489097.6875 4528886.0
483 422580.3125 4528869.0
484 290150.8125 4528609.0
485 521068.15625 4528572.5
486 344270.1875 4528554.0
487 384434.09375 4528540.0
488 370009.1875 4528483.0
489 555094.3125 4528454.0
490 556581.8125 4528399.0
491 279108.09375 4528376.0
492 559390.1875 4528264.0
493 457963.09375 4528255.0
494 336053.59375 4528233.0
495 281395.8125 4528075.0
496 378018.8125 4528050.0
497 414205.3125 4527811.0
498 467142.40625 4527558.0
499 277014.40625 4527557.0
500 484578.1875 4527486.0
501 672381.375 4527451.0
502 462532.5 4526991.0
503 474303.40625 4526926.0
504 408675.5 4526852.0
505 399998.8125 4526746.0
506 478427.1875 4526710.0
507 286375.0 4526554.0
508 301170.09375 4526408.0
509 379897.1875 4526372.0
510 430785.1875 4526266.0
511 278057.59375 4526244.0
512 288678.6875 4526217.0
513 494976.6875 4526172.0
514 667616.1875 4526086.0
515 273275.8125 4526034.0
516 285333.09375 4525978.0
517 516741.8125 4525926.0
518 374696.6875 4525867.0
519 434866.0 4525844.0
520 515754.1875 4525728.0
521 513646.40625 4525690.0
522 474973.1875 4525654.0
523 480044.40625 4525643.0
524 297996.90625 4525599.0
525 385466.3125 4525428.0
526 467576.3125 4525408.0
527 464695.59375 4525184.0
528 280601.1875 4525086.0
529 469496.6875 4524916.0
530 465574.6875 4524737.0
531 279128.40625 4524569.0
532 260457.90625 4524524.0
533 335179.8125 4524516.0
534 380578.90625 4524481.0
535 515522.1875 4524473.0
536 513731.1875 4524319.0
537 523914.875 4524267.0
538 318520.5 4524237.0
539 349181.8125 4524229.0
540 258669.703125 4524221.0
541 408569.5625 4524204.0
542 491475.09375 4524125.0
543 351928.5 4524112.0
544 249575.5 4523857.0
545 511957.0 4523739.0
546 375999.8125 4523736.0
547 646813.6875 4523717.0
548 506724.09375 4523639.0
549 288863.6875 4523610.0
550 354817.8125 4523580.0
551 405645.09375 4523574.0
552 526641.3125 4523539.0
553 327552.1875 4523463.0
554 509307.90625 4523357.0
555 657687.375 4523330.0
556 480817.8125 4523161.0
557 402175.3125 4523156.0
558 311887.3125 4523147.0
559 290303.6875 4523116.0
560 559327.5 4523053.0
561 391194.59375 4522949.0
562 470706.5 4522752.0
563 296013.1875 4522603.0
564 280167.59375 4522473.0
565 356826.5 4522438.0
566 292593.40625 4522409.0
567 472513.3125 4522243.0
568 373891.0 4522180.0
569 521281.625 4521946.0
570 360117.5 4521847.0
571 257942.90625 4521743.0
572 513381.9375 4521634.0
573 409004.40625 4521577.0
574 288922.0 4521560.0
575 504846.3125 4521531.0
576 348788.90625 4521506.0
577 272347.09375 4521438.0
578 396722.0 4521401.0
579 414198.8125 4521360.0
580 280219.6875 4521308.0
581 363944.8125 4521276.0
582 476384.0 4520859.0
583 325558.6875 4520815.0
584 432930.6875 4520776.0
585 525456.5 4520719.0
586 501860.8125 4520270.0
587 259834.796875 4520175.0
588 352514.8125 4520162.0
589 380982.90625 4520135.0
590 346358.5 4520040.0
591 494312.09375 4519846.0
592 344716.40625 4519672.0
593 361085.09375 4519641.0
594 253382.25 4519586.5
595 285568.8125 4519584.0
596 290393.59375 4519369.0
597 386787.59375 4519328.0
598 418152.6875 4519239.0
599 516238.59375 4519086.0
600 486841.8125 4519071.0
601 258448.0 4519053.0
602 331537.3125 4518916.0
603 392541.09375 4518660.0
604 519938.59375 4518636.0
605 376636.59375 4518588.0
606 296306.3125 4518584.0
607 285869.1875 4518568.0
608 267597.09375 4518554.0
609 445659.6875 4518409.0
610 323945.6875 4518287.0
611 439244.0 4518166.0
612 292534.3125 4518153.0
613 317319.0 4518109.0
614 335019.40625 4518065.0
615 391173.84375 4518015.0
616 361739.09375 4517844.0
617 358598.40625 4517769.0
618 428667.1875 4517542.0
619 287466.8125 4517461.0
620 333313.0 4517376.0
621 459292.59375 4517348.0
622 304887.8125 4517336.0
623 512986.5 4517324.0
624 280914.8125 4517304.0
625 396973.90625 4517266.0
626 272252.8125 4517190.0
627 455036.0 4516952.0
628 353338.3125 4516801.0
629 350849.09375 4516754.0
630 366052.8125 4516724.0
631 495725.1875 4516532.0
632 402172.0 4516503.0
633 404406.90625 4516413.0
634 338527.0 4516228.0
635 259178.203125 4515932.0
636 492266.3125 4515870.0
637 486510.5 4515791.0
638 354316.0 4515776.0
639 264102.8125 4515499.0
640 281300.3125 4515419.0
641 298435.90625 4515311.0
642 502894.0 4515011.0
643 379681.1875 4514984.0
644 291129.3125 4514857.0
645 412109.6875 4514788.0
646 360833.59375 4514785.0
647 350924.3125 4514557.0
648 344408.1875 4514314.0
649 256433.0 4514313.0
650 286090.09375 4514099.0
651 357530.1875 4514035.0
652 248071.203125 4514027.0
653 559831.1875 4513964.0
654 335328.6875 4513785.0
655 390878.3125 4513724.0
656 372542.1875 4513711.0
657 495623.1875 4513604.0
658 434338.40625 4513526.0
659 300639.40625 4513481.0
660 409631.6875 4513380.0
661 289622.3125 4513313.0
662 271606.5 4513096.0
663 375583.8125 4513035.0
664 332387.09375 4512842.0
665 422306.59375 4512786.0
666 355020.1875 4512762.0
667 349544.5 4512758.0
668 283713.6875 4512702.0
669 287214.3125 4512644.0
670 465141.3125 4511964.0
671 418678.3125 4511959.0
672 316041.0 4511901.0
673 426737.09375 4511796.0
674 263034.5 4511768.0
675 351734.40625 4511756.0
676 383935.40625 4511659.0
677 396149.90625 4511652.0
678 553631.125 4511569.0
679 421100.3125 4511407.0
680 280599.90625 4511214.0
681 455168.5 4510918.0
682 498270.40625 4510891.0
683 303254.09375 4510862.0
684 349075.6875 4510812.0
685 413685.3125 4510787.0
686 285396.09375 4510677.0
687 403258.3125 4510642.0
688 277297.8125 4510638.0
689 418495.0 4510609.0
690 309533.0 4510566.0
691 448165.5 4510326.0
692 465466.40625 4509970.0
693 404976.90625 4509887.0
694 381554.5 4509777.0
695 389522.1875 4509450.0
696 271919.8125 4509213.0
697 268750.09375 4509206.0
698 343199.09375 4509141.0
699 290579.6875 4508839.0
700 312984.3125 4508839.0
701 561333.375 4508770.0
702 355891.59375 4508748.0
703 408304.59375 4508702.0
704 260689.59375 4508345.0
705 344808.5 4508332.0
706 416288.8125 4508319.0
707 279937.0 4508315.0
708 546114.875 4508283.0
709 321911.1875 4508135.0
710 384747.3125 4508106.0
711 286359.59375 4508060.0
712 552650.875 4507924.0
713 430165.8125 4507818.0
714 392512.1875 4507650.0
715 396950.0 4507504.0
716 474981.1875 4507430.0
717 353104.3125 4507414.0
718 419201.5 4507148.0
719 284684.0 4507135.0
720 561401.3125 4507060.0
721 298898.5 4506937.0
722 376765.59375 4506807.0
723 303707.1875 4506805.0
724 311973.90625 4506559.0
725 332455.59375 4506249.0
726 339454.3125 4506110.0
727 382188.59375 4505975.0
728 258774.5 4505822.0
729 470701.59375 4505744.0
730 306787.59375 4505675.0
731 268377.8125 4505520.0
732 343187.40625 4505344.0
733 297307.0 4505183.0
734 356707.6875 4505051.0
735 433775.40625 4504890.0
736 443120.59375 4504705.0
737 415802.40625 4504608.0
738 546797.3125 4504533.0
739 353340.5 4504413.0
740 402595.90625 4504389.0
741 411619.0 4504356.0
742 552389.3125 4504165.0
743 316740.3125 4504110.0
744 347925.875 4504064.0
745 335583.59375 4504029.0
746 438917.3125 4504020.0
747 299578.5 4503820.0
748 293192.40625 4503773.0
749 296223.8125 4503507.0
750 381726.5 4503018.0
751 265761.6875 4502972.0
752 368690.6875 4502887.0
753 462831.90625 4502854.0
754 399191.90625 4502615.0
755 291718.3125 4502558.0
756 407837.8125 4502528.0
757 437023.3125 4502300.0
758 409487.3125 4502207.0
759 405670.90625 4502149.0
760 287937.6875 4502060.0
761 253531.203125 4502007.0
762 373994.8125 4501927.0
763 385010.1875 4501895.0
764 305694.8125 4501791.0
765 555687.125 4501739.0
766 390913.3125 4501734.0
767 340686.90625 4501686.0
768 269558.1875 4501646.0
769 410664.09375 4501634.0
770 425023.09375 4501604.0
771 344855.6875 4501436.0
772 295712.8125 4501135.0
773 474592.1875 4501131.0
774 444285.3125 4501050.0
775 265778.1875 4501026.0
776 310677.09375 4500869.0
777 262158.1875 4500809.0
778 558278.375 4500777.0
779 410183.09375 4500543.0
780 407414.40625 4500520.0
781 409040.09375 4500429.0
782 474206.09375 4500024.0
783 264063.1875 4499993.0
784 411014.1875 4499949.0
785 376155.90625 4499647.0
786 293399.09375 4499615.0
787 441055.3125 4499615.0
788 288803.8125 4499590.0
789 341844.8125 4499553.0
790 363677.6875 4499374.0
791 403370.59375 4499328.0
792 373740.3125 4499303.0
793 305956.09375 4499301.0
794 316941.1875 4499287.0
795 417582.1875 4499143.0
796 336559.0 4499074.0
797 411064.40625 4498812.0
798 456608.3125 4498777.0
799 412311.59375 4498744.0
800 285762.6875 4498518.0
801 436078.09375 4498274.0
802 438397.1875 4498250.0
803 368498.40625 4498202.0
804 309942.90625 4498149.0
805 418937.40625 4497906.0
806 431256.5 4497851.0
807 392793.1875 4497640.0
808 364733.5 4497551.0
809 345609.59375 4497538.0
810 433401.8125 4497330.0
811 413019.3125 4497243.0
812 452730.1875 4497157.0
813 297762.6875 4497107.0
814 466859.1875 4497051.0
815 462826.59375 4496675.0
816 389167.6875 4496397.0
817 362124.8125 4496354.0
818 358556.0 4496178.0
819 347187.90625 4496086.0
820 341552.40625 4496037.0
821 258058.796875 4496009.0
822 388501.8125 4495894.0
823 252782.296875 4495763.0
824 423753.3125 4495705.0
825 271719.8125 4495683.0
826 373374.3125 4495418.0
827 348854.5 4495407.0
828 287457.3125 4495401.0
829 311709.3125 4495393.0
830 279483.90625 4494832.0
831 378197.40625 4494787.0
832 336723.09375 4494555.0
833 414068.09375 4494541.0
834 358822.6875 4494476.0
835 361644.40625 4494258.0
836 364531.8125 4494170.0
837 356892.5 4494152.0
838 351928.6875 4494139.0
839 455398.3125 4493992.0
840 430925.59375 4493760.0
841 296636.90625 4493582.0
842 282290.3125 4493418.0
843 418497.3125 4493362.0
844 433507.90625 4493054.0
845 351098.53125 4493032.0
846 481726.3125 4492980.0
847 410949.09375 4492756.0
848 343371.59375 4492709.0
849 304810.0 4492474.0
850 296467.9375 4492099.5
851 359242.90625 4491989.0
852 361664.8125 4491842.0
853 340071.3125 4491692.0
854 306988.3125 4491621.0
855 380580.40625 4491299.0
856 377388.1875 4491080.0
857 439726.5 4491025.0
858 345688.6875 4490939.0
859 374122.8125 4490736.0
860 261243.90625 4490725.0
861 471044.3125 4490688.0
862 332896.1875 4490414.0
863 288431.8125 4490268.0
864 372324.90625 4490266.0
865 370622.5 4490230.0
866 309442.5 4490212.0
867 285457.59375 4489942.0
868 350927.0 4489942.0
869 455467.3125 4489899.0
870 364151.3125 4489860.0
871 255890.203125 4489710.0
872 296875.59375 4489693.0
873 447035.59375 4489413.0
874 353254.8125 4489399.0
875 357482.6875 4489339.0
876 263299.8125 4489116.0
877 440749.0 4489096.0
878 417011.8125 4488953.0
879 252751.59375 4488941.0
880 273126.5 4488786.0
881 268442.09375 4488689.0
882 429240.40625 4488683.0
883 280488.6875 4488321.0
884 292501.8125 4488243.0
885 465271.0 4488046.0
886 453156.5 4487935.0
887 250338.40625 4487791.0
888 272894.40625 4487779.0
889 259064.296875 4487340.0
890 347527.8125 4487220.0
891 309702.6875 4487123.0
892 303067.6875 4487095.0
893 277464.40625 4486701.0
894 338023.3125 4486604.0
895 291080.8125 4486399.0
896 478679.5 4486332.0
897 419815.1875 4486165.0
898 364057.8125 4486148.0
899 244299.796875 4486036.0
900 479753.40625 4486009.0
901 266256.0 4485998.0
902 433934.8125 4485760.0
903 311471.6875 4485582.0
904 261956.5 4485377.0
905 257010.203125 4485344.0
906 439340.8125 4485066.0
907 294045.0 4484997.0
908 314298.1875 4484862.0
909 318020.59375 4484843.0
910 365646.59375 4484786.0
911 293010.3125 4484761.0
912 485088.8125 4484594.0
913 376263.5 4484577.0
914 444882.90625 4484526.0
915 270044.59375 4484437.0
916 367734.90625 4484349.0
917 305896.3125 4484294.0
918 447023.6875 4483989.0
919 345563.0 4483956.0
920 260198.40625 4483931.0
921 472563.59375 4483850.0
922 452605.09375 4483741.0
923 404624.3125 4483557.0
924 407578.8125 4483290.0
925 451267.6875 4483246.0
926 401057.5 4483241.0
927 453337.90625 4483221.0
928 408833.5 4483206.0
929 350094.59375 4483179.0
930 299196.90625 4483131.0
931 357475.6875 4482971.0
932 348501.8125 4482802.0
933 359580.5 4482679.0
934 414201.21875 4482650.0
935 271843.1875 4482501.0
936 315000.59375 4482488.0
937 253301.875 4482216.5
938 417124.84375 4482060.5
939 470153.1875 4482055.0
940 371408.90625 4481866.0
941 257494.203125 4481739.0
942 465420.59375 4481540.0
943 267579.40625 4481467.0
944 273469.40625 4481220.0
945 418746.34375 4481213.0
946 426264.21875 4481188.5
947 344534.0 4481187.0
948 260354.703125 4481176.0
949 629161.875 4481176.0
950 302538.0 4481142.0
951 281874.40625 4481067.0
952 310618.59375 4480931.0
953 403973.6875 4480870.0
954 290009.0 4480813.0
955 276361.0 4480620.0
956 411482.5 4480563.0
957 319846.90625 4480536.0
958 376214.5 4480394.0
959 422554.40625 4480033.5
960 307705.90625 4479868.0
961 412700.6875 4479726.0
962 438684.09375 4479697.0
963 414304.09375 4479673.0
964 403263.40625 4479634.0
965 368770.6875 4479618.0
966 379672.8125 4479563.0
967 447293.6875 4479378.0
968 313946.90625 4479353.0
969 362215.40625 4479346.0
970 255760.5 4479259.0
971 316691.3125 4478786.0
972 262436.40625 4478785.0
973 287874.8125 4478778.0
974 430655.65625 4478353.5
975 379382.1875 4478147.0
976 268997.5 4478068.0
977 322370.40625 4477894.0
978 250152.296875 4477831.0
979 318318.5 4477424.0
980 472687.59375 4476978.0
981 379046.09375 4476894.0
982 277711.0 4476731.0
983 289546.6875 4476545.0
984 267133.3125 4476155.0
985 451187.1875 4476080.0
986 260406.09375 4476063.0
987 422849.25 4475857.0
988 231508.09375 4475662.0
989 323967.3125 4475579.0
990 350474.0 4475487.0
991 304371.5 4475403.0
992 309998.1875 4475348.0
993 256335.703125 4475284.0
994 408989.90625 4475248.0
995 369512.3125 4475171.0
996 417370.53125 4475144.5
997 324794.8125 4474981.0
998 442590.8125 4474962.0
999 459390.1875 4474729.0
1000 271335.5 4474658.0
1001 381353.1875 4474515.0
1002 376735.1875 4474344.0
1003 340569.0 4474343.0
1004 262616.40625 4474191.0
1005 272822.8125 4473900.0
1006 415650.75 4473670.5
1007 274891.5 4473209.0
1008 363678.90625 4473185.0
1009 265284.3125 4472737.0
1010 304247.3125 4472718.0
1011 327143.6875 4472393.0
1012 376079.1875 4472256.0
1013 310781.3125 4472252.0
1014 348028.90625 4471876.0
1015 428817.21875 4471852.0
1016 282702.59375 4471820.0
1017 489367.40625 4471575.0
1018 258433.09375 4471553.0
1019 419266.3125 4471493.0
1020 482469.5 4471452.0
1021 284630.5 4471331.0
1022 373906.6875 4471114.0
1023 261036.5 4471107.0
1024 275317.40625 4470972.0
1025 262550.5 4470897.0
1026 252852.703125 4470673.0
1027 335774.59375 4470366.0
1028 252101.90625 4470317.0
1029 363895.6875 4470130.0
1030 273269.3125 4469963.0
1031 379134.6875 4469926.0
1032 369288.3125 4469800.0
1033 247787.59375 4469792.0
1034 493412.59375 4469737.0
1035 452331.09375 4469468.0
1036 324089.90625 4469325.0
1037 328117.3125 4469325.0
1038 460375.0 4468913.0
1039 428503.34375 4468758.0
1040 260547.203125 4468583.0
1041 288677.1875 4468484.0
1042 315413.59375 4468308.0
1043 269510.40625 4468178.0
1044 376335.90625 4468169.0
1045 422808.65625 4467995.5
1046 347840.3125 4467948.0
1047 256943.296875 4467788.0
1048 265520.6875 4467756.0
1049 361062.0 4467738.0
1050 263892.3125 4467732.0
1051 366587.0 4467562.0
1052 302143.40625 4467386.0
1053 260578.203125 4466849.0
1054 312144.6875 4466615.0
1055 232576.0 4466614.0
1056 305709.3125 4466460.0
1057 272717.84375 4466337.5
1058 344731.09375 4466337.0
1059 319685.0 4466286.0
1060 307978.3125 4466241.0
1061 441358.09375 4466216.0
1062 281523.8125 4465940.0
1063 374549.09375 4465661.0
1064 255976.703125 4465621.0
1065 420118.28125 4465619.0
1066 277917.3125 4465409.0
1067 291942.8125 4465391.0
1068 225321.5 4465377.0
1069 270866.1875 4465310.0
1070 264590.5 4465255.0
1071 322734.59375 4465123.0
1072 262722.1875 4465090.0
1073 356308.5 4465024.0
1074 429444.96875 4464901.5
1075 375389.0625 4464708.5
1076 476392.375 4464655.0
1077 300121.59375 4464626.0
1078 304075.40625 4464611.0
1079 352632.3125 4464471.0
1080 493210.90625 4464349.0
1081 339961.5 4464232.0
1082 371913.0 4464192.0
1083 426709.75 4464184.5
1084 301989.5 4464093.0
1085 256515.90625 4463938.0
1086 437703.09375 4463766.0
1087 435319.0 4463736.0
1088 247372.703125 4463668.0
1089 470331.09375 4463630.0
1090 498288.90625 4463581.0
1091 369700.40625 4463516.0
1092 379939.5 4463414.0
1093 300677.8125 4463398.0
1094 311931.8125 4463305.0
1095 257487.796875 4463053.0
1096 420252.78125 4462884.0
1097 286548.40625 4462593.0
1098 224814.296875 4462504.0
1099 222687.71875 4462426.0
1100 372868.59375 4462399.0
1101 307432.8125 4462382.0
1102 242627.0 4462359.0
1103 263199.09375 4462337.0
1104 259255.203125 4462092.0
1105 318401.8125 4461947.0
1106 333373.5 4461903.0
1107 327483.5 4461778.0
1108 432897.65625 4461628.5
1109 359717.5 4461517.0
1110 223715.203125 4461440.0
1111 354252.59375 4461144.0
1112 366721.59375 4460795.0
1113 283760.3125 4460688.0
1114 461044.09375 4460260.0
1115 311177.0 4460204.0
1116 287630.8125 4459981.0
1117 279719.8125 4459952.0
1118 272451.6875 4459888.0
1119 443899.59375 4459740.0
1120 308167.8125 4459543.0
1121 436587.90625 4459532.0
1122 324523.5 4459370.0
1123 291283.0 4459233.0
1124 439959.6875 4459204.0
1125 229268.796875 4459183.0
1126 226837.0 4459006.0
1127 353633.53125 4458991.0
1128 379008.09375 4458889.0
1129 376074.40625 4458871.0
1130 314120.3125 4458845.0
1131 234698.0 4458763.0
1132 372633.28125 4458724.5
1133 323549.09375 4458585.0
1134 369253.09375 4458396.0
1135 239298.90625 4458292.0
1136 363464.0 4458290.0
1137 365975.40625 4458259.0
1138 322527.6875 4458091.0
1139 437863.3125 4458079.0
1140 258541.59375 4457950.0
1141 380481.09375 4457872.0
1142 283652.6875 4457817.0
1143 341992.1875 4457780.0
1144 335764.8125 4457723.0
1145 312609.0 4457522.0
1146 432180.21875 4457503.0
1147 302558.59375 4457366.0
1148 308218.5 4457203.0
1149 269334.0 4457094.0
1150 358901.6875 4457061.0
1151 433884.125 4456875.5
1152 246683.703125 4456461.0
1153 443379.90625 4456352.0
1154 327296.59375 4456340.0
1155 520710.09375 4455978.0
1156 228329.5 4455947.0
1157 361883.90625 4455857.0
1158 232744.796875 4455602.0
1159 237155.90625 4455538.0
1160 308564.1875 4455378.0
1161 285559.09375 4455041.0
1162 474055.3125 4455008.0
1163 315177.8125 4454947.0
1164 268749.6875 4454716.0
1165 262123.40625 4454639.0
1166 439293.6875 4454473.0
1167 310531.09375 4454442.0
1168 368020.3125 4454185.0
1169 269466.3125 4454180.0
1170 255896.90625 4454109.0
1171 372639.40625 4453907.0
1172 260387.09375 4453771.0
1173 320681.34375 4453758.0
1174 282276.3125 4453447.0
1175 285527.90625 4453331.0
1176 276229.90625 4453319.0
1177 356227.0 4453200.0
1178 319632.8125 4453159.0
1179 230879.296875 4453126.0
1180 471902.8125 4453098.0
1181 256536.796875 4453002.0
1182 316337.90625 4452945.0
1183 466226.6875 4452797.0
1184 295537.5 4452602.0
1185 264127.1875 4452470.0
1186 279145.8125 4452470.0
1187 271859.0 4452383.0
1188 308581.5 4452359.0
1189 319036.3125 4452160.0
1190 367500.09375 4451713.0
1191 331922.8125 4451686.0
1192 312185.09375 4451544.0
1193 247007.859375 4451267.0
1194 326066.1875 4451258.0
1195 220968.40625 4450564.0
1196 258399.203125 4450365.0
1197 268583.8125 4450187.0
1198 226083.203125 4450166.0
1199 366428.40625 4449945.0
1200 288993.90625 4449877.0
1201 329232.1875 4449874.0
1202 263213.90625 4449860.0
1203 239497.203125 4449848.0
1204 259832.796875 4449543.0
1205 284804.09375 4449523.0
1206 370755.3125 4449414.0
1207 442718.40625 4449222.0
1208 326321.90625 4449194.0
1209 221724.59375 4449188.0
1210 331644.5 4448740.0
1211 318063.8125 4448653.0
1212 235376.90625 4448127.0
1213 276222.0 4448087.0
1214 314301.8125 4448077.0
1215 265947.59375 4447962.0
1216 298160.90625 4447903.0
1217 370969.90625 4447756.0
1218 262078.796875 4447626.0
1219 281249.09375 4447550.0
1220 285361.09375 4447433.0
1221 322104.90625 4447321.0
1222 272355.40625 4447109.0
1223 261305.0 4446730.0
1224 228883.796875 4446718.0
1225 263664.40625 4446430.0
1226 349224.5 4446285.0
1227 228443.59375 4446275.0
1228 231075.59375 4446211.0
1229 227867.796875 4445693.0
1230 255969.703125 4445512.0
1231 325475.3125 4445039.0
1232 307351.5 4444836.0
1233 318469.90625 4444444.0
1234 274223.59375 4444194.0
1235 284655.1875 4444192.0
1236 257073.5 4443923.0
1237 279399.0 4443875.0
1238 271031.1875 4443739.0
1239 266731.90625 4443561.0
1240 221989.0 4443521.0
1241 245809.0 4443202.0
1242 342947.59375 4443087.0
1243 448669.8125 4442366.0
1244 225532.296875 4442363.0
1245 219531.09375 4442225.0
1246 323679.59375 4441817.0
1247 276002.3125 4441554.0
1248 260895.796875 4441266.0
1249 294705.3125 4441026.0
1250 196282.703125 4440353.0
1251 211263.90625 4440284.0
1252 268567.1875 4440174.0
1253 207373.796875 4440102.0
1254 225703.203125 4440090.0
1255 299726.09375 4440022.0
1256 280424.59375 4439924.0
1257 371691.40625 4439902.0
1258 257260.203125 4439858.0
1259 273092.40625 4439673.0
1260 218682.296875 4439027.0
1261 209939.09375 4438997.0
1262 318728.5 4438729.0
1263 326883.0 4438728.0
1264 262823.6875 4438642.0
1265 451869.90625 4438579.0
1266 231604.59375 4438484.0
1267 497983.3125 4438325.0
1268 213658.0 4438055.0
1269 288387.8125 4438019.0
1270 301763.09375 4437980.0
1271 254742.90625 4437910.0
1272 481765.40625 4437845.0
1273 267818.0 4437745.0
1274 198816.5 4437708.0
1275 222789.203125 4437469.5
1276 195932.5 4437368.0
1277 215549.296875 4437305.0
1278 199644.5 4436832.0
1279 260989.09375 4436755.0
1280 333874.3125 4436751.0
1281 236111.40625 4436649.0
1282 234109.703125 4436622.0
1283 200138.796875 4436491.0
1284 349132.90625 4436192.0
1285 317945.0 4436173.0
1286 452716.90625 4435980.0
1287 343746.0 4435914.0
1288 241196.296875 4435609.0
1289 202898.0 4435504.0
1290 259086.90625 4435494.0
1291 377342.90625 4435240.0
1292 302793.40625 4435087.0
1293 206217.40625 4434905.0
1294 245384.09375 4434801.0
1295 273284.8125 4434751.0
1296 260380.296875 4434642.0
1297 266976.90625 4434171.0
1298 194562.40625 4434112.0
1299 331681.8125 4434079.0
1300 209661.5 4434029.0
1301 217197.90625 4433765.0
1302 324404.5 4433386.0
1303 299392.1875 4433258.0
1304 289445.1875 4433051.0
1305 449794.40625 4432995.0
1306 343155.40625 4432975.0
1307 195828.0 4432485.0
1308 335468.40625 4432470.0
1309 254544.796875 4432250.0
1310 296893.5 4431959.0
1311 234206.703125 4431856.0
1312 494805.5 4431781.0
1313 205471.5 4431730.0
1314 268050.1875 4431542.0
1315 349698.59375 4431472.0
1316 454803.40625 4431427.0
1317 272641.0 4431120.0
1318 344989.0 4430877.0
1319 187117.5 4430618.0
1320 190846.59375 4430356.0
1321 340775.5 4430349.0
1322 215270.59375 4430261.0
1323 376383.1875 4430180.0
1324 206628.5 4430113.0
1325 235948.59375 4429816.0
1326 211719.09375 4429590.0
1327 207975.5 4429566.0
1328 459460.90625 4429234.0
1329 326038.6875 4429173.0
1330 219595.703125 4429157.0
1331 253714.796875 4429087.0
1332 336034.90625 4429024.0
1333 621730.8125 4428984.0
1334 278934.8125 4428976.0
1335 239999.90625 4428839.0
1336 452806.5625 4428761.0
1337 270769.09375 4428610.0
1338 287024.5 4428370.0
1339 188695.203125 4428365.0
1340 449772.90625 4428171.0
1341 194956.09375 4428038.0
1342 463548.8125 4427665.0
1343 382123.59375 4427591.0
1344 378184.5 4427519.0
1345 313917.09375 4427443.0
1346 267040.3125 4427388.0
1347 210768.796875 4427348.0
1348 351134.1875 4427347.0
1349 203751.0 4427269.0
1350 362601.1875 4427010.0
1351 345399.90625 4427002.0
1352 332870.3125 4426953.0
1353 306108.6875 4426900.0
1354 215384.203125 4426887.0
1355 357397.59375 4426738.0
1356 619961.0 4426312.0
1357 209581.703125 4426257.0
1358 197733.09375 4426143.0
1359 191812.0 4426126.0
1360 323444.5 4426068.0
1361 466769.1875 4426060.0
1362 212830.203125 4426024.0
1363 384464.5625 4425913.0
1364 350756.6875 4425534.0
1365 274378.09375 4425533.0
1366 338855.6875 4425530.0
1367 215511.40625 4425476.0
1368 190250.796875 4425409.0
1369 263930.1875 4425307.0
1370 305943.3125 4425160.0
1371 368374.1875 4424926.0
1372 247929.59375 4424626.0
1373 359240.40625 4424545.0
1374 296734.0 4424501.0
1375 278128.96875 4424498.5
1376 448631.1875 4424437.0
1377 598400.6875 4424327.0
1378 326471.6875 4424130.0
1379 122915.5 4423877.0
1380 204098.703125 4423770.0
1381 381274.40625 4423143.0
1382 206353.203125 4423020.0
1383 599730.875 4422673.0
1384 207520.59375 4422436.0
1385 230569.09375 4422355.0
1386 604646.125 4422339.0
1387 466369.8125 4422317.0
1388 191600.0 4422195.0
1389 228111.796875 4421832.0
1390 459821.40625 4421766.0
1391 216964.40625 4421728.0
1392 597562.875 4421555.0
1393 312761.0 4421450.0
1394 471099.0 4421066.0
1395 333087.8125 4421046.0
1396 224445.59375 4421011.0
1397 197889.5 4420842.0
1398 605441.0 4420835.0
1399 200775.09375 4420676.0
1400 377314.8125 4420440.0
1401 607816.8125 4420342.0
1402 613846.625 4420281.0
1403 211270.796875 4420274.0
1404 106401.703125 4420117.5
1405 224610.78125 4420067.0
1406 309294.5 4420060.0
1407 197047.40625 4419788.0
1408 341536.5 4419745.0
1409 610941.375 4419712.0
1410 614575.8125 4419457.0
1411 267490.1875 4419444.0
1412 218177.0 4419422.0
1413 221625.21875 4419392.0
1414 379826.09375 4419342.0
1415 215517.296875 4419331.0
1416 301970.59375 4419160.0
1417 387238.40625 4419132.0
1418 595547.375 4419076.0
1419 191580.703125 4419069.0
1420 608216.625 4418960.0
1421 202593.296875 4418727.0
1422 592699.5 4418653.0
1423 221729.0 4418502.0
1424 598605.625 4418430.0
1425 224151.296875 4418200.0
1426 602520.875 4418102.0
1427 610133.1875 4417771.0
1428 206772.796875 4417688.0
1429 241466.203125 4417678.0
1430 376050.5 4417595.0
1431 225672.59375 4417342.0
1432 198583.296875 4417341.0
1433 603441.875 4417229.0
1434 240240.59375 4417163.0
1435 345159.8125 4417121.0
1436 335114.5 4417106.0
1437 202464.09375 4416774.0
1438 230740.203125 4416772.0
1439 383832.59375 4416638.0
1440 600921.3125 4416590.0
1441 296427.8125 4416455.0
1442 313162.09375 4416453.0
1443 602972.8125 4416400.0
1444 223161.796875 4416267.0
1445 214150.296875 4416226.0
1446 283055.5 4415826.0
1447 206985.703125 4415774.0
1448 348415.5 4415665.0
1449 242275.296875 4415644.0
1450 601823.8125 4415528.0
1451 194069.40625 4415406.0
1452 612007.1875 4415275.0
1453 291309.59375 4415223.0
1454 208597.5 4415193.0
1455 239191.90625 4415070.0
1456 600861.0 4415067.0
1457 262852.90625 4414825.0
1458 199898.203125 4414753.0
1459 608630.3125 4414333.0
1460 207280.296875 4414148.0
1461 210304.296875 4414136.0
1462 590851.875 4414076.0
1463 273599.0 4413899.0
1464 391102.5 4413708.0
1465 600344.875 4413638.0
1466 300022.8125 4413565.0
1467 221380.296875 4413460.0
1468 373312.6875 4413389.0
1469 233187.59375 4413322.0
1470 211963.203125 4413311.0
1471 369468.8125 4413215.0
1472 613103.8125 4413195.0
1473 132260.296875 4413112.0
1474 598693.875 4413060.0
1475 205034.59375 4412966.0
1476 219849.703125 4412959.0
1477 374257.1875 4412881.0
1478 141787.59375 4412687.0
1479 591529.3125 4412644.0
1480 334522.3125 4412611.0
1481 129423.0 4412583.0
1482 201599.09375 4412445.0
1483 235539.203125 4412326.0
1484 296086.6875 4412284.0
1485 376498.90625 4412246.0
1486 343484.5 4412199.0
1487 238897.203125 4412163.0
1488 311016.5 4412133.0
1489 213241.90625 4412095.0
1490 592937.875 4412049.0
1491 135038.203125 4411954.0
1492 150504.796875 4411879.0
1493 128387.296875 4411694.0
1494 317356.09375 4411649.0
1495 280166.59375 4411632.0
1496 344126.59375 4411602.0
1497 194498.703125 4411542.0
1498 337658.6875 4411432.0
1499 214162.296875 4411414.0
1500 217155.796875 4411295.0
1501 209496.0 4411285.0
1502 136217.296875 4411235.0
1503 284972.3125 4411116.0
1504 135229.5 4410908.0
1505 393973.5 4410887.0
1506 116639.1015625 4410681.0
1507 208073.296875 4410556.0
1508 333357.3125 4410362.0
1509 135253.296875 4410182.0
1510 243381.09375 4410170.0
1511 373048.3125 4410150.0
1512 368712.1875 4409680.0
1513 272659.8125 4409644.0
1514 355004.40625 4409598.0
1515 129459.0 4409281.0
1516 186792.203125 4409271.0
1517 220601.796875 4409191.0
1518 227563.796875 4409084.0
1519 218831.296875 4409022.0
1520 138696.59375 4408842.0
1521 209658.5 4408838.0
1522 137226.296875 4408814.0
1523 132164.40625 4408784.0
1524 226072.0 4408757.0
1525 232387.0 4408752.0
1526 243289.203125 4408719.0
1527 335603.90625 4408677.0
1528 151534.703125 4408605.0
1529 216260.203125 4408414.0
1530 315921.1875 4408389.0
1531 275546.0 4408235.0
1532 129920.0 4408186.0
1533 131127.59375 4408185.0
1534 308201.3125 4408113.0
1535 136208.5 4408062.0
1536 271289.09375 4408028.0
1537 130543.703125 4407982.0
1538 228918.09375 4407973.0
1539 320475.6875 4407930.0
1540 206653.0 4407894.0
1541 294163.3125 4407894.0
1542 615326.5 4407744.0
1543 221525.109375 4407736.0
1544 374801.09375 4407629.0
1545 203608.703125 4407622.0
1546 190496.09375 4407581.0
1547 138508.796875 4407321.0
1548 278347.6875 4407284.0
1549 297097.6875 4407281.0
1550 133379.5 4407179.0
1551 207875.296875 4407158.0
1552 209177.09375 4407128.0
1553 249197.296875 4407047.0
1554 357948.8125 4407037.0
1555 191992.90625 4406914.0
1556 370560.59375 4406778.0
1557 267278.59375 4406686.0
1558 136190.796875 4406651.0
1559 150557.296875 4406596.0
1560 134410.703125 4406581.0
1561 614149.0 4406497.0
1562 360102.90625 4406410.0
1563 245224.40625 4406307.0
1564 131469.40625 4406302.0
1565 224117.5 4406230.0
1566 196960.0 4406218.0
1567 231526.796875 4406207.0
1568 141896.0 4406121.0
1569 334316.8125 4406086.0
1570 339114.0 4406000.0
1571 243875.0 4405894.0
1572 384040.90625 4405815.0
1573 253011.59375 4405706.0
1574 132445.703125 4405704.0
1575 186456.5 4405688.0
1576 212743.703125 4405647.0
1577 258375.796875 4405610.0
1578 127859.703125 4405598.0
1579 202975.4375 4405447.0
1580 140642.5 4405322.0
1581 311460.0 4405319.0
1582 133391.296875 4405231.0
1583 134880.59375 4405213.5
1584 299536.09375 4405190.0
1585 326648.3125 4405181.0
1586 336334.8125 4405134.0
1587 197115.09375 4405098.0
1588 147722.890625 4404984.0
1589 221285.671875 4404913.0
1590 143410.0 4404642.0
1591 139319.5 4404587.0
1592 258839.0 4404563.0
1593 218129.0 4404549.0
1594 305362.3125 4404485.0
1595 131340.796875 4404112.0
1596 225343.0 4404112.0
1597 134364.59375 4404038.0
1598 282937.0 4404004.0
1599 205543.0 4403975.0
1600 274642.1875 4403975.0
1601 271399.3125 4403942.0
1602 195324.203125 4403887.0
1603 377849.5 4403623.0
1604 133283.796875 4403595.0
1605 235586.203125 4403582.0
1606 213812.5 4403468.0
1607 142120.296875 4403462.0
1608 193272.90625 4403457.0
1609 222472.203125 4403379.0
1610 250109.296875 4403350.0
1611 209887.59375 4403256.0
1612 139068.40625 4403223.0
1613 278015.5 4403112.0
1614 285319.5 4403086.0
1615 211723.296875 4403046.0
1616 187199.09375 4402852.0
1617 374223.59375 4402634.0
1618 133368.296875 4402496.0
1619 137529.09375 4402496.0
1620 202449.09375 4402463.0
1621 237123.796875 4402431.0
1622 189445.90625 4402052.0
1623 360662.8125 4402042.0
1624 130106.1015625 4401917.0
1625 254118.296875 4401895.0
1626 378220.09375 4401759.0
1627 198198.40625 4401718.0
1628 244016.40625 4401565.0
1629 134508.0 4401403.0
1630 130009.203125 4401373.0
1631 229117.40625 4401327.0
1632 142100.5 4401288.0
1633 208964.59375 4401278.0
1634 196098.796875 4401203.0
1635 337616.3125 4401166.0
1636 248015.0 4401155.0
1637 184954.796875 4400952.0
1638 221867.703125 4400877.0
1639 131885.59375 4400828.0
1640 134890.5 4400626.0
1641 396760.8125 4400587.0
1642 359610.3125 4400523.0
1643 336136.1875 4400483.0
1644 202564.09375 4400414.0
1645 193177.0 4400393.0
1646 378059.0 4400379.0
1647 190688.703125 4400341.0
1648 219207.59375 4400040.0
1649 353250.8125 4400037.0
1650 388265.0 4400005.0
1651 214542.796875 4399999.0
1652 206070.0 4399903.0
1653 224998.703125 4399893.0
1654 180266.203125 4399788.0
1655 319024.8125 4399530.0
1656 134429.40625 4399370.0
1657 392926.40625 4399246.0
1658 226474.203125 4399154.0
1659 211368.203125 4399077.0
1660 295723.46875 4398919.5
1661 197450.40625 4398764.0
1662 275275.5 4398742.0
1663 187984.296875 4398416.5
1664 322665.5 4398408.0
1665 238287.203125 4398370.0
1666 183053.5 4398353.0
1667 213401.0 4398308.0
1668 229482.796875 4398303.0
1669 224339.5 4398258.0
1670 402102.03125 4398250.5
1671 222432.703125 4398250.0
1672 374761.5 4398201.0
1673 392050.5 4397870.0
1674 301756.0 4397825.0
1675 233241.59375 4397804.0
1676 213318.59375 4397704.0
1677 203319.0 4397693.0
1678 380073.0 4397678.0
1679 362758.90625 4397603.0
1680 231267.59375 4397520.5
1681 276044.59375 4397454.0
1682 296477.3125 4397386.0
1683 245917.703125 4397381.0
1684 375246.09375 4397379.0
1685 393882.90625 4397278.0
1686 209552.90625 4397215.0
1687 344489.3125 4397144.0
1688 136186.796875 4396990.0
1689 193898.40625 4396886.0
1690 231767.5 4396683.0
1691 391148.5 4396626.0
1692 246251.59375 4396561.0
1693 304000.59375 4396363.0
1694 136282.796875 4396352.0
1695 329933.3125 4396313.0
1696 203794.59375 4396296.0
1697 200850.203125 4396173.0
1698 207277.90625 4396169.0
1699 258804.5 4396076.0
1700 292439.6875 4395845.0
1701 289797.6875 4395803.0
1702 311007.6875 4395569.0
1703 188712.0 4395542.0
1704 217682.59375 4395465.0
1705 213020.703125 4395451.0
1706 230271.59375 4395427.0
1707 268539.40625 4395277.0
1708 220157.703125 4395268.0
1709 238852.40625 4395154.0
1710 136218.5 4395148.0
1711 190541.796875 4394903.0
1712 218484.0 4394865.0
1713 198396.09375 4394816.0
1714 335228.5 4394780.0
1715 180218.796875 4394681.0
1716 217746.90625 4394517.0
1717 355632.8125 4394374.0
1718 209094.40625 4394322.0
1719 237455.796875 4394220.0
1720 225016.90625 4394153.0
1721 226841.296875 4394061.0
1722 387513.0 4394037.0
1723 201053.90625 4393911.0
1724 184490.203125 4393895.0
1725 145073.90625 4393892.0
1726 281445.3125 4393842.0
1727 144306.90625 4393754.0
1728 382662.3125 4393752.0
1729 301155.8125 4393742.0
1730 217641.59375 4393642.0
1731 261118.90625 4393574.0
1732 390521.8125 4393419.0
1733 314441.3125 4393396.0
1734 219203.59375 4393254.0
1735 149581.40625 4393179.0
1736 143514.5 4393047.0
1737 205117.703125 4392959.0
1738 173271.09375 4392889.0
1739 146849.796875 4392822.0
1740 221632.40625 4392707.0
1741 297207.90625 4392694.0
1742 398986.40625 4392663.0
1743 305432.5 4392627.0
1744 210644.515625 4392581.0
1745 369220.59375 4392544.0
1746 388372.3125 4392518.0
1747 140496.796875 4392505.0
1748 138574.09375 4392481.0
1749 378147.3125 4392421.0
1750 245052.09375 4392310.0
1751 194793.5 4392264.0
1752 191944.09375 4392251.0
1753 237825.5 4392230.0
1754 184294.90625 4392222.0
1755 308517.1875 4392154.0
1756 147586.59375 4392050.0
1757 217137.90625 4391961.0
1758 230917.59375 4391951.0
1759 175767.40625 4391921.0
1760 362234.40625 4391663.0
1761 284179.59375 4391466.0
1762 145104.0 4391152.0
1763 235829.203125 4391109.0
1764 223296.09375 4391044.0
1765 185566.59375 4391035.0
1766 228041.90625 4390897.0
1767 395849.6875 4390699.0
1768 263440.3125 4390624.0
1769 141121.40625 4390590.0
1770 297838.09375 4390537.0
1771 350871.90625 4390528.0
1772 199201.90625 4390517.0
1773 247569.0 4390498.0
1774 240491.0 4390477.0
1775 210877.703125 4390394.0
1776 245642.796875 4390255.0
1777 232499.203125 4390196.0
1778 302829.8125 4389977.0
1779 207011.90625 4389943.0
1780 177109.296875 4389927.0
1781 240028.5 4389745.0
1782 182888.09375 4389666.0
1783 267622.6875 4389646.0
1784 143452.90625 4389465.0
1785 219253.796875 4389409.0
1786 146183.59375 4389408.0
1787 193528.59375 4389160.0
1788 181073.0 4389107.0
1789 144055.796875 4389089.0
1790 202556.59375 4389047.0
1791 330227.40625 4389038.0
1792 310032.3125 4388866.0
1793 272369.0 4388796.0
1794 190005.296875 4388749.0
1795 238328.703125 4388645.0
1796 196413.90625 4388583.0
1797 364335.1875 4388499.0
1798 287863.0 4388465.0
1799 332948.1875 4388390.0
1800 186056.296875 4388180.0
1801 241306.203125 4388105.0
1802 205797.09375 4388045.0
1803 143984.5 4388022.0
1804 228813.09375 4387863.0
1805 145543.09375 4387835.0
1806 231695.90625 4387693.0
1807 215168.703125 4387675.0
1808 143129.59375 4387614.0
1809 146212.203125 4387606.0
1810 371412.5 4387600.0
1811 144654.59375 4387465.0
1812 191883.0 4387233.5
1813 278371.40625 4387180.0
1814 372681.1875 4387030.0
1815 225253.703125 4387026.0
1816 197085.0 4386928.0
1817 221383.296875 4386914.0
1818 147532.09375 4386892.0
1819 297540.40625 4386822.0
1820 285351.90625 4386809.0
1821 306374.1875 4386770.0
1822 386784.6875 4386734.0
1823 282402.0 4386707.0
1824 329385.59375 4386690.0
1825 176958.09375 4386643.0
1826 183520.703125 4386610.0
1827 190397.0 4386575.0
1828 374377.40625 4386533.0
1829 358346.0 4386518.0
1830 247021.59375 4386486.0
1831 267937.6875 4386452.0
1832 381931.1875 4386436.0
1833 234625.5 4386407.0
1834 251308.296875 4386380.0
1835 215880.90625 4386351.0
1836 144496.5 4386349.0
1837 231642.296875 4386313.0
1838 350645.59375 4386301.0
1839 146291.0 4386186.0
1840 312530.6875 4386152.0
1841 213460.203125 4385981.0
1842 203307.09375 4385833.0
1843 326392.3125 4385803.0
1844 338949.40625 4385758.0
1845 173200.796875 4385516.0
1846 377740.8125 4385498.0
1847 347900.90625 4385425.0
1848 332731.1875 4385397.0
1849 353645.3125 4385380.0
1850 252610.0 4385233.0
1851 145216.09375 4385191.0
1852 298167.09375 4385149.0
1853 194340.296875 4385145.0
1854 148497.296875 4385029.0
1855 210425.0 4384926.0
1856 180471.296875 4384874.0
1857 403373.8125 4384775.0
1858 238161.5 4384696.0
1859 179691.203125 4384583.0
1860 144390.203125 4384577.0
1861 242601.796875 4384548.0
1862 197676.703125 4384461.0
1863 188444.0 4384434.0
1864 304729.3125 4384419.0
1865 231221.90625 4384341.0
1866 334022.3125 4384268.0
1867 147617.90625 4384267.0
1868 310694.09375 4384266.0
1869 219461.59375 4384100.0
1870 227821.0 4384056.0
1871 249476.5 4384049.0
1872 312743.5 4383867.0
1873 203597.5 4383852.0
1874 142878.40625 4383838.0
1875 184028.09375 4383692.0
1876 343117.6875 4383669.0
1877 301300.90625 4383643.0
1878 315630.59375 4383619.0
1879 208083.296875 4383571.0
1880 325043.8125 4383507.0
1881 389334.1875 4383419.0
1882 292458.0 4383404.0
1883 255949.296875 4383268.0
1884 264534.8125 4383181.0
1885 233641.703125 4383155.0
1886 193479.5 4383121.0
1887 144696.703125 4382998.0
1888 180862.90625 4382757.0
1889 200633.296875 4382596.0
1890 221858.296875 4382541.0
1891 144230.0 4382449.0
1892 318945.90625 4382448.0
1893 246828.703125 4382446.0
1894 214593.0 4382428.0
1895 294677.1875 4382415.0
1896 210817.0 4382204.0
1897 302166.09375 4382136.0
1898 273729.6875 4382021.0
1899 357130.40625 4381971.0
1900 292842.6875 4381955.0
1901 238387.796875 4381935.0
1902 245299.296875 4381923.0
1903 222596.5 4381831.0
1904 145561.90625 4381746.0
1905 242791.203125 4381678.0
1906 354070.09375 4381569.0
1907 395308.59375 4381442.0
1908 178074.0 4381427.0
1909 327410.09375 4381402.0
1910 229545.0 4381323.0
1911 148306.796875 4381220.0
1912 192267.90625 4381169.0
1913 223098.5 4381162.0
1914 314541.8125 4381057.0
1915 195789.40625 4380973.0
1916 321892.5 4380968.0
1917 329006.40625 4380967.0
1918 273134.09375 4380802.0
1919 392142.90625 4380628.0
1920 406405.1875 4380616.0
1921 292026.5 4380543.0
1922 300910.59375 4380525.0
1923 308754.5 4380495.0
1924 374612.8125 4380453.0
1925 204069.59375 4380399.0
1926 335452.0 4380350.0
1927 380028.1875 4380332.0
1928 213048.796875 4380283.0
1929 215995.90625 4380237.0
1930 264399.90625 4380138.0
1931 298760.6875 4380065.0
1932 368088.3125 4380060.0
1933 227440.703125 4379911.0
1934 233612.40625 4379890.0
1935 297296.09375 4379675.0
1936 219013.90625 4379623.0
1937 210281.09375 4379598.0
1938 282121.1875 4379524.0
1939 144866.09375 4379509.0
1940 207815.59375 4379487.0
1941 224753.0 4379384.0
1942 244483.703125 4379354.0
1943 318951.3125 4379350.0
1944 277003.09375 4379317.0
1945 193428.796875 4379182.0
1946 383537.5 4379179.0
1947 272315.0 4379073.5
1948 178946.703125 4379071.0
1949 300444.5 4379039.0
1950 263758.5 4378712.0
1951 291926.1875 4378637.0
1952 236942.703125 4378596.0
1953 149340.09375 4378559.0
1954 250446.0 4378519.0
1955 345958.8125 4378412.0
1956 279450.8125 4378319.0
1957 179373.0 4378272.0
1958 302322.8125 4378235.0
1959 316634.59375 4377992.0
1960 210454.203125 4377881.0
1961 296563.59375 4377850.0
1962 230131.09375 4377633.0
1963 240544.09375 4377568.0
1964 314113.3125 4377457.0
1965 322033.5625 4377452.0
1966 328031.1875 4377346.0
1967 245581.203125 4377287.0
1968 178807.40625 4377144.0
1969 234296.296875 4377137.0
1970 370676.1875 4377105.0
1971 247902.5 4377080.0
1972 214834.6875 4376938.5
1973 254361.90625 4376753.0
1974 351286.3125 4376738.0
1975 196485.59375 4376707.0
1976 584982.625 4376674.0
1977 184202.59375 4376647.0
1978 219928.703125 4376523.0
1979 298248.1875 4376328.0
1980 204911.296875 4376243.0
1981 311007.09375 4376058.0
1982 323836.1875 4376010.0
1983 359495.5 4376010.0
1984 335778.3125 4375986.0
1985 237214.09375 4375853.0
1986 148840.90625 4375812.0
1987 302105.40625 4375711.0
1988 305642.0 4375634.0
1989 355426.59375 4375546.0
1990 316603.6875 4375418.0
1991 337669.1875 4375392.0
1992 240375.5 4375386.0
1993 238805.703125 4375366.0
1994 292841.90625 4375337.0
1995 234734.90625 4375301.0
1996 288055.1875 4375297.0
1997 286319.90625 4375185.0
1998 182874.09375 4375174.0
1999 212756.296875 4375165.0
2000 151883.5 4374951.0
2001 386906.3125 4374850.0
2002 153776.0 4374740.0
2003 154423.59375 4374710.0
2004 192709.4375 4374624.0
2005 320071.6875 4374620.0
2006 199916.59375 4374561.0
2007 332558.1875 4374558.0
2008 228843.40625 4374424.0
2009 155773.796875 4374403.0
2010 368061.8125 4374372.0
2011 231962.09375 4374201.0
2012 191613.09375 4374162.0
2013 268569.8125 4374029.0
2014 309867.8125 4374024.0
2015 216705.09375 4374020.0
2016 300708.90625 4373903.0
2017 219891.203125 4373873.0
2018 294534.1875 4373824.0
2019 179120.09375 4373807.0
2020 348680.40625 4373685.0
2021 341458.40625 4373400.0
2022 388527.5 4373302.0
2023 382781.40625 4373201.0
2024 248763.0 4373196.0
2025 303494.90625 4373152.0
2026 155392.5 4373128.0
2027 329009.3125 4373009.0
2028 287447.59375 4373006.0
2029 225666.703125 4372987.0
2030 314785.8125 4372943.0
2031 213715.796875 4372895.0
2032 232410.5 4372828.0
2033 181972.90625 4372787.0
2034 319691.59375 4372742.0
2035 153455.0 4372716.0
2036 404058.6875 4372681.0
2037 375781.40625 4372469.0
2038 263919.09375 4372423.0
2039 269763.90625 4372413.0
2040 201266.203125 4372337.0
2041 345723.8125 4372247.0
2042 207094.203125 4372127.0
2043 234740.796875 4372116.0
2044 238941.296875 4372111.0
2045 222220.796875 4372050.0
2046 273217.5 4371767.0
2047 287888.40625 4371568.0
2048 387645.90625 4371527.0
2049 294936.8125 4371502.0
2050 227986.09375 4371492.0
2051 379751.09375 4371323.0
2052 277042.59375 4371153.0
2053 312822.0 4371021.0
2054 278835.5 4370963.0
2055 196062.296875 4370850.0
2056 201698.90625 4370837.0
2057 160954.0 4370772.0
2058 290101.0 4370666.0
2059 301443.5 4370635.0
2060 157046.0 4370587.0
2061 334096.90625 4370506.0
2062 218115.5 4370504.0
2063 250786.796875 4370447.0
2064 192801.59375 4370431.0
2065 298236.6875 4370328.0
2066 243617.0 4370301.0
2067 317004.40625 4370267.0
2068 226078.796875 4370245.0
2069 214853.796875 4370231.0
2070 305051.59375 4370198.0
2071 422176.59375 4370076.0
2072 319149.59375 4370057.0
2073 209480.90625 4370052.0
2074 295042.1875 4370004.0
2075 283846.40625 4369824.0
2076 262320.5625 4369772.0
2077 202270.5 4369741.0
2078 157436.0 4369587.0
2079 232122.296875 4369533.0
2080 196561.296875 4369447.0
2081 182578.0 4369398.0
2082 366392.3125 4369381.0
2083 311152.5 4369296.0
2084 286587.40625 4369117.0
2085 391319.59375 4369084.0
2086 220588.796875 4369082.0
2087 341676.6875 4369053.0
2088 186906.296875 4368998.0
2089 227293.59375 4368989.0
2090 217386.90625 4368936.0
2091 352344.5 4368903.0
2092 277162.3125 4368886.0
2093 176578.5 4368696.0
2094 349973.1875 4368659.0
2095 407308.8125 4368580.0
2096 357134.6875 4368484.0
2097 259645.5 4368464.0
2098 245166.796875 4368406.0
2099 313580.90625 4368392.0
2100 209309.09375 4368376.0
2101 207976.09375 4368216.0
2102 273708.59375 4367917.0
2103 340276.6875 4367905.0
2104 232676.796875 4367813.0
2105 374759.90625 4367807.0
2106 302566.8125 4367792.0
2107 203966.796875 4367733.0
2108 334371.8125 4367722.0
2109 198998.203125 4367696.0
2110 246836.796875 4367694.0
2111 162143.203125 4367687.0
2112 249887.703125 4367670.0
2113 307259.3125 4367629.0
2114 215589.59375 4367597.0
2115 316396.09375 4367503.0
2116 324977.1875 4367379.0
2117 236677.796875 4367350.0
2118 223413.59375 4367259.0
2119 298633.1875 4367201.0
2120 358596.6875 4367091.0
2121 264375.09375 4367071.0
2122 230283.40625 4367031.0
2123 369294.1875 4366875.0
2124 242426.5 4366843.0
2125 286416.625 4366807.0
2126 249521.09375 4366800.0
2127 353543.1875 4366342.0
2128 331500.8125 4366283.0
2129 295526.40625 4366195.0
2130 301563.1875 4366103.0
2131 404104.09375 4366088.0
2132 343642.3125 4366012.0
2133 422902.59375 4366005.0
2134 385907.09375 4365952.0
2135 196990.40625 4365940.0
2136 288408.40625 4365843.0
2137 188252.453125 4365819.0
2138 222838.59375 4365625.0
2139 308832.0 4365376.0
2140 225790.09375 4365372.0
2141 243311.59375 4365184.0
2142 337454.1875 4365124.0
2143 275077.6875 4365045.0
2144 391646.59375 4364969.0
2145 310383.09375 4364941.0
2146 306608.59375 4364887.0
2147 292185.59375 4364854.0
2148 248316.703125 4364566.0
2149 215692.703125 4364375.0
2150 380825.1875 4364136.0
2151 424546.40625 4364049.0
2152 364775.09375 4363915.0
2153 181445.0 4363901.0
2154 306789.59375 4363895.0
2155 324484.5 4363836.0
2156 272736.0 4363631.0
2157 425711.0 4363596.0
2158 311641.59375 4363456.0
2159 304874.90625 4363421.0
2160 318699.59375 4363323.0
2161 293130.59375 4363261.0
2162 310424.8125 4363075.0
2163 301219.5 4363014.0
2164 346490.40625 4362993.0
2165 228640.203125 4362976.0
2166 329099.40625 4362964.0
2167 426798.5 4362742.0
2168 384176.09375 4362737.0
2169 204869.0 4362639.0
2170 201366.796875 4362554.0
2171 236543.703125 4362504.0
2172 243577.0 4362497.0
2173 333936.5 4362355.0
2174 193034.296875 4362315.0
2175 321183.6875 4362223.0
2176 264370.78125 4362213.0
2177 259940.5 4362103.0
2178 190875.5 4361967.0
2179 275349.59375 4361966.0
2180 216103.40625 4361908.0
2181 302294.3125 4361879.0
2182 364455.0 4361869.0
2183 425145.5 4361855.0
2184 412608.59375 4361643.0
2185 222872.59375 4361590.0
2186 257098.09375 4361542.0
2187 427161.8125 4361394.0
2188 218963.296875 4361303.0
2189 231923.703125 4361287.0
2190 308089.09375 4361273.0
2191 350571.90625 4361129.0
2192 296183.90625 4360984.0
2193 357789.59375 4360891.0
2194 348540.8125 4360821.0
2195 269357.59375 4360686.0
2196 370743.90625 4360671.0
2197 315926.40625 4360488.0
2198 216087.90625 4360317.0
2199 205578.296875 4360297.0
2200 325453.90625 4360285.0
2201 211142.09375 4360191.0
2202 413391.8125 4360176.0
2203 412183.09375 4359996.5
2204 240658.90625 4359991.0
2205 298743.1875 4359986.0
2206 249411.0 4359812.0
2207 221316.5 4359722.0
2208 276468.90625 4359702.0
2209 413972.0 4359679.0
2210 687402.5 4359639.0
2211 230993.296875 4359623.0
2212 391421.6875 4359596.0
2213 339727.59375 4359517.0
2214 327897.84375 4359308.5
2215 429371.8125 4359267.0
2216 320739.5 4359256.0
2217 695910.375 4359221.0
2218 334483.3125 4359190.0
2219 284988.09375 4359102.0
2220 247043.203125 4359070.0
2221 697632.6875 4359047.0
2222 694877.0 4358897.0
2223 287874.40625 4358890.0
2224 233668.59375 4358867.0
2225 411789.15625 4358864.0
2226 418075.3125 4358838.0
2227 292744.90625 4358784.0
2228 361867.3125 4358740.0
2229 325174.59375 4358711.0
2230 265599.90625 4358678.0
2231 407800.53125 4358667.0
2232 298519.8125 4358654.0
2233 207314.5 4358636.0
2234 314106.09375 4358342.0
2235 412477.5 4358192.0
2236 394573.8125 4358120.0
2237 234676.0 4358114.0
2238 305512.3125 4358112.0
2239 280811.8125 4358079.0
2240 270127.1875 4358017.0
2241 256619.0 4357835.0
2242 185931.203125 4357571.0
2243 241408.5 4357561.0
2244 699997.125 4357552.0
2245 191692.296875 4357543.0
2246 218292.0 4357511.0
2247 345763.59375 4357456.0
2248 409533.09375 4357423.0
2249 429887.1875 4357293.0
2250 196410.40625 4357107.0
2251 191952.796875 4357093.0
2252 418938.6875 4357083.0
2253 306923.3125 4356971.0
2254 299589.09375 4356885.0
2255 286345.1875 4356843.0
2256 356891.8125 4356775.0
2257 404546.09375 4356772.0
2258 335023.3125 4356752.0
2259 350496.40625 4356572.0
2260 313801.8125 4356472.0
2261 399468.59375 4356394.0
2262 207519.90625 4356355.0
2263 248690.0 4356324.0
2264 223427.0 4356245.0
2265 698987.125 4356008.0
2266 187042.40625 4355945.0
2267 221147.59375 4355937.0
2268 431672.8125 4355920.0
2269 300512.59375 4355899.0
2270 369973.59375 4355855.0
2271 315806.59375 4355648.0
2272 328729.5 4355532.0
2273 374209.40625 4355450.0
2274 214257.40625 4355422.0
2275 323690.8125 4355327.0
2276 336003.1875 4355297.0
2277 378214.0 4355256.0
2278 365873.6875 4355222.0
2279 202698.703125 4355174.0
2280 696420.3125 4355173.0
2281 230229.5 4355134.0
2282 363638.90625 4355115.0
2283 687515.375 4355113.0
2284 421172.1875 4355073.0
2285 278627.8125 4355039.0
2286 364727.09375 4354884.0
2287 419562.6875 4354830.0
2288 414770.1875 4354751.0
2289 432090.6875 4354665.0
2290 325466.09375 4354613.0
2291 316679.8125 4354612.0
2292 359689.0 4354586.0
2293 216575.09375 4354470.0
2294 239581.796875 4354456.0
2295 283540.90625 4354422.0
2296 393074.3125 4354375.0
2297 267287.0 4354310.0
2298 309832.6875 4354245.0
2299 189171.90625 4354216.0
2300 423707.1875 4354196.0
2301 425330.8125 4354087.5
2302 315355.3125 4353910.0
2303 320590.40625 4353898.0
2304 693365.3125 4353890.0
2305 417060.09375 4353710.0
2306 701331.125 4353621.0
2307 311458.1875 4353549.0
2308 212390.203125 4353315.0
2309 691096.375 4353308.0
2310 418534.90625 4353307.0
2311 319220.1875 4353290.0
2312 232799.90625 4353283.0
2313 426873.6875 4353223.0
2314 245446.5 4353189.0
2315 347988.90625 4353117.0
2316 202468.296875 4353019.0
2317 250244.0 4352957.0
2318 301294.8125 4352877.0
2319 268533.40625 4352853.0
2320 299949.3125 4352701.0
2321 223758.90625 4352610.0
2322 206405.703125 4352564.0
2323 353110.59375 4352521.0
2324 687830.375 4352409.0
2325 275600.8125 4352227.0
2326 331337.59375 4352202.0
2327 369899.3125 4351941.0
2328 322134.6875 4351726.0
2329 264370.78125 4351717.0
2330 313298.6875 4351655.0
2331 386617.90625 4351590.0
2332 291379.3125 4351387.0
2333 200720.40625 4351191.0
2334 203579.703125 4351157.0
2335 215059.703125 4351040.0
2336 683892.6875 4351014.0
2337 236416.5 4351009.0
2338 230929.59375 4350963.0
2339 424189.1875 4350945.0
2340 432498.6875 4350900.0
2341 228594.703125 4350888.0
2342 338469.8125 4350844.0
2343 287067.0 4350718.0
2344 206129.90625 4350700.0
2345 284846.40625 4350582.0
2346 360770.90625 4350549.0
2347 333131.8125 4350534.0
2348 224510.09375 4350479.0
2349 289518.8125 4350468.0
2350 207210.203125 4350364.0
2351 344119.1875 4350342.0
2352 331504.59375 4350312.0
2353 380362.59375 4350261.0
2354 265646.375 4350247.5
2355 203832.40625 4350135.0
2356 166017.40625 4349973.0
2357 319154.59375 4349959.0
2358 222185.0 4349817.0
2359 304080.6875 4349728.0
2360 292293.0 4349649.0
2361 351254.40625 4349610.0
2362 315065.40625 4349541.0
2363 288296.125 4349488.0
2364 270252.0 4349405.0
2365 259732.0 4349404.0
2366 324110.3125 4349227.0
2367 374858.3125 4349065.0
2368 243775.5 4349047.0
2369 219164.09375 4349012.0
2370 308662.3125 4348898.0
2371 238910.09375 4348878.0
2372 697082.8125 4348872.0
2373 196394.875 4348867.5
2374 168436.59375 4348698.0
2375 287247.90625 4348658.0
2376 200509.09375 4348586.0
2377 255326.796875 4348552.0
2378 436088.8125 4348376.0
2379 278617.09375 4348375.0
2380 429268.09375 4348335.0
2381 398015.6875 4348314.0
2382 330348.90625 4348108.0
2383 206492.5 4348005.0
2384 283481.90625 4347996.0
2385 367698.8125 4347838.0
2386 334023.3125 4347749.0
2387 301185.09375 4347734.0
2388 684504.875 4347725.0
2389 230476.296875 4347603.0
2390 208409.0 4347567.0
2391 339724.3125 4347514.0
2392 678960.625 4347468.0
2393 363713.8125 4347329.0
2394 304272.90625 4347257.0
2395 297797.8125 4347110.0
2396 199483.09375 4346913.0
2397 213103.703125 4346877.0
2398 216332.59375 4346860.0
2399 330375.8125 4346784.0
2400 355042.6875 4346754.0
2401 312695.8125 4346588.0
2402 167171.703125 4346512.0
2403 392255.09375 4346493.0
2404 332010.40625 4346385.0
2405 278456.3125 4346285.0
2406 695893.125 4346285.0
2407 203552.203125 4346284.0
2408 209528.796875 4346068.0
2409 681480.6875 4345953.0
2410 345890.71875 4345781.0
2411 228087.90625 4345468.0
2412 689574.1875 4345391.0
2413 246979.5 4345352.0
2414 377317.1875 4345266.0
2415 309913.3125 4345261.0
2416 316276.40625 4345165.0
2417 170580.40625 4345132.0
2418 232030.5 4345071.0
2419 351053.09375 4344920.0
2420 267394.5 4344885.0
2421 369038.40625 4344774.0
2422 366537.8125 4344683.0
2423 237269.09375 4344578.0
2424 207460.40625 4344536.0
2425 391391.09375 4344532.0
2426 690202.3125 4344520.0
2427 691164.875 4344429.0
2428 710505.125 4344418.0
2429 436278.8125 4344303.0
2430 670797.125 4344282.0
2431 200459.40625 4344233.0
2432 230826.5 4344008.0
2433 322637.40625 4343961.0
2434 261673.796875 4343851.0
2435 676997.625 4343565.0
2436 211428.296875 4343227.0
2437 293641.0 4343015.0
2438 328844.5 4343015.0
2439 325696.59375 4343013.0
2440 712435.5 4342895.0
2441 690495.3125 4342694.0
2442 270311.09375 4342554.0
2443 215776.5 4342462.0
2444 296557.3125 4342266.0
2445 315295.40625 4342197.0
2446 208791.09375 4342196.0
2447 274833.8125 4342124.0
2448 677421.875 4342090.0
2449 432426.3125 4341853.0
2450 659929.375 4341718.0
2451 238869.40625 4341403.0
2452 222615.5 4341294.0
2453 330569.8125 4341236.0
2454 276893.6875 4341172.0
2455 321892.8125 4341092.0
2456 674832.125 4340948.0
2457 348558.59375 4340781.0
2458 205946.5 4340541.0
2459 203845.90625 4340357.0
2460 354595.8125 4340355.0
2461 257169.59375 4340309.0
2462 240722.875 4340236.0
2463 282992.8125 4340225.0
2464 432732.6875 4340013.5
2465 279892.6875 4339952.0
2466 707679.1875 4339760.0
2467 391505.0 4339749.0
2468 335121.59375 4339668.0
2469 218893.0 4339651.0
2470 372349.59375 4339629.0
2471 708718.125 4339561.0
2472 337095.09375 4339553.0
2473 235784.203125 4339536.0
2474 714419.625 4339480.0
2475 234751.703125 4339381.0
2476 263829.3125 4339216.0
2477 243755.40625 4339176.0
2478 355630.0 4339115.0
2479 360825.3125 4338939.0
2480 250600.5 4338852.0
2481 294742.90625 4338777.0
2482 224796.796875 4338706.0
2483 716812.625 4338693.0
2484 239427.703125 4338657.0
2485 211398.59375 4338644.0
2486 234877.40625 4338543.0
2487 217861.796875 4338509.0
2488 228391.40625 4338505.0
2489 306311.40625 4338360.0
2490 338703.59375 4338357.0
2491 438342.3125 4337981.0
2492 392879.0 4337766.0
2493 379054.09375 4337709.0
2494 390872.40625 4337688.0
2495 327928.59375 4337579.0
2496 684922.375 4337506.0
2497 258431.59375 4337371.0
2498 341382.8125 4337346.0
2499 228876.59375 4337241.0
2500 254034.296875 4337188.0
