0 684105.125 4620825.0
1 691068.125 4619245.0
2 686173.625 4618852.0
3 677563.125 4617664.0
4 705405.1875 4615480.0
5 706217.8125 4612970.0
6 692311.125 4612798.0
7 681531.6875 4612608.0
8 697579.125 4611432.0
9 694277.125 4610888.0
10 701981.625 4610522.0
11 692743.5 4609735.0
12 711908.125 4607092.0
13 685319.625 4607018.0
14 692836.375 4606629.0
15 684733.625 4604870.0
16 705088.6875 4604142.0
17 709559.375 4604121.0
18 696324.1875 4600869.0
19 692018.0 4598461.0
20 705067.3125 4598077.0
21 711149.1875 4597847.0
22 690289.125 4597444.0
23 684729.1875 4596820.0
24 699817.375 4594687.0
25 690251.0 4594624.0
26 696608.375 4592420.0
27 698828.375 4592206.0
28 712790.625 4591880.0
29 688877.8125 4590962.0
30 684173.8125 4590846.0
31 694063.3125 4590071.0
32 713880.8125 4589636.0
33 685746.6875 4587366.0
34 688105.4375 4586834.0
35 700507.3125 4586617.0
36 702622.375 4586430.0
37 713942.875 4586090.0
38 695108.125 4585492.0
39 513091.3125 4584679.0
40 692525.3125 4584605.0
41 485617.0 4584266.0
42 523591.09375 4584241.0
43 718132.125 4584092.0
44 491093.1875 4583506.0
45 502396.59375 4583066.0
46 705562.875 4582945.0
47 698922.5 4582878.0
48 500617.6875 4582638.0
49 508169.8125 4582190.0
50 712135.8125 4581961.0
51 504776.0 4581242.0
52 703857.125 4580917.0
53 488835.3125 4580350.0
54 453309.40625 4580293.0
55 717850.875 4580292.0
56 708451.3125 4580083.0
57 715337.625 4580048.0
58 697441.8125 4579948.0
59 519614.6875 4579391.0
60 544531.75 4579366.0
61 446150.3125 4578692.0
62 689957.0 4578451.0
63 581585.375 4578054.0
64 475807.0 4577450.0
65 473941.8125 4577428.0
66 483200.59375 4577024.0
67 488884.3125 4576507.0
68 573979.5 4575793.0
69 675666.8125 4575559.0
70 704275.6875 4574524.0
71 461747.09375 4574024.0
72 499740.0 4573790.0
73 683335.125 4573499.0
74 688806.3125 4573333.0
75 481465.8125 4573217.0
76 487227.90625 4572069.0
77 414800.3125 4571888.0
78 543430.8125 4571476.0
79 411824.09375 4571308.0
80 699628.625 4571219.0
81 695021.125 4571195.0
82 473659.6875 4571022.0
83 458202.09375 4570782.0
84 419183.09375 4570623.0
85 494140.5 4570566.0
86 417251.6875 4570096.0
87 517381.09375 4569942.0
88 407201.1875 4569853.0
89 581348.6875 4569553.0
90 440797.1875 4569228.0
91 404116.5 4569106.0
92 479196.09375 4568948.0
93 569720.125 4568948.0
94 431047.1875 4568770.0
95 402529.59375 4568297.0
96 541440.375 4568089.0
97 427938.59375 4568039.0
98 640725.5 4567983.0
99 437494.0 4567967.0
100 447567.6875 4567946.0
101 416212.59375 4567931.0
102 423518.90625 4567925.0
103 398997.40625 4567491.0
104 555683.625 4567424.0
105 444102.40625 4566869.0
106 577192.9375 4566436.5
107 502022.0 4566425.0
108 422589.59375 4566348.0
109 655300.8125 4566086.0
110 434906.6875 4566047.0
111 587749.3125 4565899.0
112 484821.3125 4565354.0
113 552772.3125 4565336.0
114 411630.6875 4565305.0
115 436855.28125 4564913.5
116 448803.8125 4564607.0
117 548602.625 4564244.0
118 401745.40625 4563858.0
119 521850.1875 4563442.0
120 423177.1875 4563248.0
121 446903.59375 4563085.0
122 556215.875 4562901.0
123 692971.875 4562585.0
124 441497.59375 4562250.0
125 537455.375 4562127.0
126 529011.1875 4561610.0
127 439498.40625 4561496.0
128 432980.3125 4561492.0
129 490130.1875 4561027.0
130 558998.8125 4560737.0
131 568960.125 4560577.0
132 446273.1875 4560476.0
133 501565.5 4560184.0
134 400574.40625 4560148.0
135 465691.3125 4560033.0
136 508549.59375 4559976.0
137 494228.6875 4559699.0
138 484832.5 4559647.0
139 514005.09375 4559352.0
140 534231.6875 4559101.0
141 620749.3125 4559077.0
142 439651.09375 4559030.0
143 449415.90625 4558820.0
144 435783.1875 4558777.0
145 442907.6875 4558601.0
146 531572.375 4558598.0
147 497535.90625 4558305.0
148 692455.8125 4558295.0
149 526805.375 4558010.0
150 614796.125 4557767.0
151 399388.3125 4557722.0
152 517658.59375 4557671.0
153 407207.3125 4557263.0
154 525796.125 4556996.0
155 438520.8125 4556927.0
156 487334.3125 4556816.0
157 561011.625 4556783.0
158 446319.1875 4556585.0
159 546048.3125 4556296.0
160 450576.5 4556022.0
161 553326.1875 4555945.0
162 620541.875 4555773.0
163 628435.5 4555576.0
164 578482.625 4555292.0
165 394630.6875 4555207.0
166 512647.5 4555185.0
167 622758.125 4555096.0
168 506077.8125 4555082.0
169 686513.875 4555017.0
170 416571.5 4554971.0
171 413391.5 4554953.0
172 453122.40625 4554922.0
173 443983.5 4554603.0
174 491963.0 4554547.0
175 464859.90625 4554310.0
176 692001.8125 4554278.0
177 607061.8125 4554199.0
178 421420.0 4553996.0
179 574065.375 4553939.0
180 434318.3125 4553733.0
181 583501.5 4553600.0
182 522355.1875 4553533.0
183 500203.90625 4553525.0
184 493604.59375 4553440.0
185 441530.90625 4553417.0
186 602588.5 4553405.0
187 405702.8125 4553380.0
188 587449.8125 4553378.0
189 636830.8125 4553329.0
190 599033.625 4553212.0
191 375050.90625 4553055.0
192 517422.59375 4552965.0
193 447915.59375 4552818.0
194 525956.875 4552665.0
195 411343.6875 4552644.0
196 617869.0 4552621.0
197 590028.5625 4552364.5
198 548818.125 4552218.0
199 503442.90625 4552001.0
