0 684105.125 4620825.0
1 691068.125 4619245.0
2 686173.625 4618852.0
3 677563.125 4617664.0
4 705405.1875 4615480.0
5 706217.8125 4612970.0
6 692311.125 4612798.0
7 681531.6875 4612608.0
8 697579.125 4611432.0
9 694277.125 4610888.0
10 701981.625 4610522.0
11 692743.5 4609735.0
12 711908.125 4607092.0
13 685319.625 4607018.0
14 692836.375 4606629.0
15 684733.625 4604870.0
16 705088.6875 4604142.0
17 709559.375 4604121.0
18 696324.1875 4600869.0
19 692018.0 4598461.0
20 705067.3125 4598077.0
21 711149.1875 4597847.0
22 690289.125 4597444.0
23 684729.1875 4596820.0
24 699817.375 4594687.0
25 690251.0 4594624.0
26 696608.375 4592420.0
27 698828.375 4592206.0
28 712790.625 4591880.0
29 688877.8125 4590962.0
30 684173.8125 4590846.0
31 694063.3125 4590071.0
32 713880.8125 4589636.0
33 685746.6875 4587366.0
34 688105.4375 4586834.0
35 700507.3125 4586617.0
36 702622.375 4586430.0
37 713942.875 4586090.0
38 695108.125 4585492.0
39 513091.3125 4584679.0
40 692525.3125 4584605.0
41 485617.0 4584266.0
42 523591.09375 4584241.0
43 718132.125 4584092.0
44 491093.1875 4583506.0
45 502396.59375 4583066.0
46 705562.875 4582945.0
47 698922.5 4582878.0
48 500617.6875 4582638.0
49 508169.8125 4582190.0
50 712135.8125 4581961.0
51 504776.0 4581242.0
52 703857.125 4580917.0
53 488835.3125 4580350.0
54 453309.40625 4580293.0
55 717850.875 4580292.0
56 708451.3125 4580083.0
57 715337.625 4580048.0
58 697441.8125 4579948.0
59 519614.6875 4579391.0
60 544531.75 4579366.0
61 446150.3125 4578692.0
62 689957.0 4578451.0
63 581585.375 4578054.0
64 475807.0 4577450.0
65 473941.8125 4577428.0
66 483200.59375 4577024.0
67 488884.3125 4576507.0
68 573979.5 4575793.0
69 675666.8125 4575559.0
70 704275.6875 4574524.0
71 461747.09375 4574024.0
72 499740.0 4573790.0
73 683335.125 4573499.0
74 688806.3125 4573333.0
75 481465.8125 4573217.0
76 487227.90625 4572069.0
77 414800.3125 4571888.0
78 543430.8125 4571476.0
79 411824.09375 4571308.0
80 699628.625 4571219.0
81 695021.125 4571195.0
82 473659.6875 4571022.0
83 458202.09375 4570782.0
84 419183.09375 4570623.0
85 494140.5 4570566.0
86 417251.6875 4570096.0
87 517381.09375 4569942.0
88 407201.1875 4569853.0
89 581348.6875 4569553.0
90 440797.1875 4569228.0
91 404116.5 4569106.0
92 479196.09375 4568948.0
93 569720.125 4568948.0
94 431047.1875 4568770.0
95 402529.59375 4568297.0
96 541440.375 4568089.0
97 427938.59375 4568039.0
98 640725.5 4567983.0
99 437494.0 4567967.0
100 447567.6875 4567946.0
101 416212.59375 4567931.0
102 423518.90625 4567925.0
103 398997.40625 4567491.0
104 555683.625 4567424.0
105 444102.40625 4566869.0
106 577192.9375 4566436.5
107 502022.0 4566425.0
108 422589.59375 4566348.0
109 655300.8125 4566086.0
110 434906.6875 4566047.0
111 587749.3125 4565899.0
112 484821.3125 4565354.0
113 552772.3125 4565336.0
114 411630.6875 4565305.0
115 436855.28125 4564913.5
116 448803.8125 4564607.0
117 548602.625 4564244.0
118 401745.40625 4563858.0
119 521850.1875 4563442.0
120 423177.1875 4563248.0
121 446903.59375 4563085.0
122 556215.875 4562901.0
123 692971.875 4562585.0
124 441497.59375 4562250.0
125 537455.375 4562127.0
126 529011.1875 4561610.0
127 439498.40625 4561496.0
128 432980.3125 4561492.0
129 490130.1875 4561027.0
130 558998.8125 4560737.0
131 568960.125 4560577.0
132 446273.1875 4560476.0
133 501565.5 4560184.0
134 400574.40625 4560148.0
135 465691.3125 4560033.0
136 508549.59375 4559976.0
137 494228.6875 4559699.0
138 484832.5 4559647.0
139 514005.09375 4559352.0
140 534231.6875 4559101.0
141 620749.3125 4559077.0
142 439651.09375 4559030.0
143 449415.90625 4558820.0
144 435783.1875 4558777.0
145 442907.6875 4558601.0
146 531572.375 4558598.0
147 497535.90625 4558305.0
148 692455.8125 4558295.0
149 526805.375 4558010.0
150 614796.125 4557767.0
151 399388.3125 4557722.0
152 517658.59375 4557671.0
153 407207.3125 4557263.0
154 525796.125 4556996.0
155 438520.8125 4556927.0
156 487334.3125 4556816.0
157 561011.625 4556783.0
158 446319.1875 4556585.0
159 546048.3125 4556296.0
160 450576.5 4556022.0
161 553326.1875 4555945.0
162 620541.875 4555773.0
163 628435.5 4555576.0
164 578482.625 4555292.0
165 394630.6875 4555207.0
166 512647.5 4555185.0
167 622758.125 4555096.0
168 506077.8125 4555082.0
169 686513.875 4555017.0
170 416571.5 4554971.0
171 413391.5 4554953.0
172 453122.40625 4554922.0
173 443983.5 4554603.0
174 491963.0 4554547.0
175 464859.90625 4554310.0
176 692001.8125 4554278.0
177 607061.8125 4554199.0
178 421420.0 4553996.0
179 574065.375 4553939.0
180 434318.3125 4553733.0
181 583501.5 4553600.0
182 522355.1875 4553533.0
183 500203.90625 4553525.0
184 493604.59375 4553440.0
185 441530.90625 4553417.0
186 602588.5 4553405.0
187 405702.8125 4553380.0
188 587449.8125 4553378.0
189 636830.8125 4553329.0
190 599033.625 4553212.0
191 375050.90625 4553055.0
192 517422.59375 4552965.0
193 447915.59375 4552818.0
194 525956.875 4552665.0
195 411343.6875 4552644.0
196 617869.0 4552621.0
197 590028.5625 4552364.5
198 548818.125 4552218.0
199 503442.90625 4552001.0
200 579282.375 4551916.0
201 454604.59375 4551910.0
202 525455.5 4551637.0
203 492746.09375 4551525.0
204 349463.0 4551349.0
205 647841.375 4551306.0
206 572297.625 4551253.0
207 354201.6875 4551139.0
208 447503.6875 4551097.0
209 585956.1875 4551012.0
210 378805.59375 4550958.0
211 384211.09375 4550956.0
212 437548.5 4550948.0
213 512044.90625 4550902.0
214 499469.40625 4550895.0
215 415279.40625 4550832.0
216 502247.59375 4550792.0
217 403073.0 4550787.0
218 409652.1875 4550738.0
219 443810.59375 4550722.0
220 692981.8125 4550369.0
221 507002.09375 4550238.0
222 363976.8125 4550161.0
223 468337.9375 4549879.0
224 514819.1875 4549868.0
225 473062.3125 4549833.0
226 457309.59375 4549698.0
227 465694.90625 4549655.0
228 392809.0 4549646.0
229 451584.6875 4549597.0
230 524136.5 4549441.0
231 544744.625 4549383.0
232 618495.3125 4549311.0
233 564946.1875 4549287.0
234 509500.0 4549116.0
235 603580.125 4549052.0
236 397259.09375 4549047.0
237 355288.3125 4548985.0
238 607914.3125 4548977.0
239 469994.09375 4548948.0
240 642280.125 4548923.0
241 575820.875 4548851.0
242 519257.8125 4548784.0
243 690598.8125 4548774.0
244 630336.625 4548699.0
245 566498.375 4548632.0
246 491078.90625 4548591.0
247 462039.3125 4548586.0
248 426811.5 4548567.0
249 373585.3125 4548491.0
250 485502.90625 4548447.0
251 406755.1875 4548421.0
252 372118.8125 4548360.0
253 563725.8125 4548055.5
254 439591.3125 4548050.0
255 495332.90625 4548047.0
256 436614.90625 4548005.0
257 444796.6875 4547981.0
258 624336.375 4547977.0
259 555493.875 4547864.0
260 475512.6875 4547761.0
261 515787.8125 4547639.0
262 533699.5 4547623.0
263 495977.0 4547593.0
264 633412.3125 4547482.0
265 379737.90625 4547415.0
266 540911.8125 4547369.0
267 416576.5 4547333.0
268 478234.6875 4547270.0
269 408147.6875 4547080.0
270 590043.375 4546736.0
271 547872.625 4546542.0
272 520551.6875 4546531.0
273 454460.59375 4546459.0
274 345294.0 4546413.0
275 483786.59375 4546391.0
276 346566.8125 4546158.0
277 448465.8125 4546119.0
278 575397.8125 4546052.0
279 560912.1875 4545958.0
280 496270.8125 4545719.0
281 580864.3125 4545621.0
282 522504.40625 4545275.0
283 479409.40625 4545235.0
284 625663.375 4545218.0
285 466592.8125 4545183.0
286 503991.3125 4545151.0
287 449449.1875 4545038.0
288 489235.8125 4545033.0
289 559804.5 4545013.0
290 599961.625 4544931.0
291 451402.8125 4544902.0
292 470626.5 4544842.0
293 508267.8125 4544547.0
294 420251.1875 4544520.0
295 586066.375 4544424.0
296 515897.5 4544299.0
297 537327.375 4544282.0
298 464557.09375 4544268.0
299 546305.625 4544259.0
300 617903.3125 4544171.0
301 692633.625 4544168.0
302 473725.09375 4544021.0
303 380263.1875 4543969.0
304 344671.09375 4543924.0
305 335404.1875 4543827.0
306 689596.875 4543781.0
307 481004.0 4543441.0
308 510947.90625 4543439.0
309 412122.1875 4543373.0
310 442231.40625 4543363.0
311 684570.3125 4543359.0
312 338629.1875 4543351.0
313 558582.125 4543296.0
314 332034.0 4543233.0
315 551771.6875 4543201.0
316 492360.3125 4543105.0
317 601881.8125 4543098.0
318 632210.625 4543044.0
319 398881.0 4543029.0
320 590003.8125 4542810.0
321 347613.1875 4542586.0
322 642587.125 4542581.0
323 664408.875 4542181.0
324 396104.90625 4542062.0
325 485486.40625 4541929.0
326 613826.625 4541908.0
327 566964.375 4541810.0
328 523493.0 4541776.0
329 492359.3125 4541623.0
330 531574.875 4541612.0
331 503132.90625 4541594.0
332 555793.875 4541518.0
333 571576.875 4541518.0
334 446314.3125 4541456.0
335 528381.875 4541323.0
336 467153.8125 4541204.0
337 346602.3125 4541186.0
338 480891.3125 4541103.0
339 475239.09375 4541066.0
340 456373.0 4540963.0
341 513410.0 4540917.0
342 553563.0625 4540645.5
343 461449.3125 4540565.0
344 387479.3125 4540514.0
345 564256.1875 4540456.0
346 356247.0 4540446.0
347 459357.09375 4540445.0
348 452281.3125 4540387.0
349 443963.59375 4540232.0
350 454313.90625 4540226.0
351 532039.625 4540151.0
352 585564.6875 4540146.0
353 416907.3125 4540074.0
354 334710.8125 4540011.0
355 398502.8125 4539993.0
356 524603.125 4539950.0
357 336843.0 4539915.5
358 517628.6875 4539915.0
359 623315.625 4539867.0
360 346454.8125 4539808.0
361 470615.59375 4539723.0
362 625191.6875 4539568.0
363 343862.5 4539366.0
364 330261.0 4539339.0
365 446810.09375 4539338.0
366 534762.3125 4539284.0
367 455477.6875 4539226.0
368 494805.90625 4539211.0
369 468794.3125 4539001.0
370 424585.1875 4538975.0
371 488077.59375 4538857.0
372 462702.59375 4538778.0
373 379945.40625 4538773.0
374 685776.0 4538756.0
375 481542.90625 4538625.0
376 427284.3125 4538575.0
377 629602.8125 4538484.0
378 553099.625 4538446.0
379 392945.90625 4538407.0
380 405354.40625 4538389.0
381 396595.40625 4538328.0
382 457003.4375 4538155.5
383 366965.5 4538073.0
384 554815.375 4538024.0
385 481869.90625 4537862.0
386 415567.09375 4537861.0
387 465893.90625 4537802.0
388 377026.59375 4537787.0
389 498531.5 4537727.0
390 342572.5 4537660.0
391 336705.5 4537613.0
392 364208.1875 4537416.0
393 426443.6875 4537373.0
394 327047.59375 4537321.0
395 650640.625 4537274.0
396 551458.625 4537250.0
397 501454.1875 4537216.0
398 459496.0 4537169.0
399 333049.09375 4537126.0
400 601609.0 4537042.0
401 450638.0 4537018.0
402 644454.875 4536970.0
403 559109.875 4536951.0
404 472037.09375 4536842.0
405 527501.3125 4536808.0
406 580395.9375 4536743.5
407 619465.8125 4536604.0
408 504744.40625 4536443.0
409 452472.90625 4536385.0
410 488819.6875 4536241.0
411 445852.59375 4536239.0
412 690557.0 4536161.0
413 539399.3125 4536136.0
414 578231.75 4536051.0
415 496670.59375 4535721.0
416 503295.09375 4535576.0
417 548764.3125 4535521.0
418 335078.09375 4535422.0
419 376147.90625 4535022.5
420 325423.8125 4534967.0
421 568362.9375 4534839.0
422 366091.3125 4534807.0
423 433204.40625 4534650.0
424 615102.8125 4534625.0
425 595018.625 4534598.0
426 404059.3125 4534541.0
427 347661.6875 4534418.0
428 530154.125 4534369.0
429 543088.0 4534369.0
430 341395.3125 4534191.0
431 475648.8125 4534172.0
432 631375.0 4534071.0
433 329135.0 4533862.0
434 420474.6875 4533854.0
435 451402.5 4533846.0
436 369438.1875 4533772.0
437 512244.90625 4533753.0
438 449260.0 4533556.0
439 553851.125 4533145.0
440 623931.0 4533118.0
441 454281.0 4533029.0
442 490585.90625 4532845.0
443 511786.59375 4532807.0
444 398989.1875 4532768.0
445 661200.3125 4532689.0
446 338278.40625 4532677.0
447 669779.8125 4532606.0
448 517633.0 4532463.0
449 458469.1875 4532443.0
450 493268.0 4532416.0
451 677972.3125 4532360.0
452 573383.9375 4532328.5
453 332925.5 4532303.0
454 514791.40625 4532248.0
455 377357.0 4532242.0
456 500278.8125 4532169.0
457 339205.6875 4532167.0
458 534851.875 4531768.0
459 282720.90625 4531655.0
460 379583.8125 4531490.0
461 451719.6875 4531247.0
462 559740.6875 4531189.0
463 327426.8125 4531151.0
464 463329.59375 4530955.0
465 430482.0 4530873.0
466 528548.125 4530857.0
467 570960.0 4530856.5
468 421550.5 4530704.0
469 411691.5 4530340.0
470 666548.3125 4530221.0
471 525787.8125 4530203.0
472 489009.8125 4530124.0
473 290334.90625 4529826.0
474 470867.09375 4529728.0
475 497778.09375 4529634.0
476 287004.59375 4529546.0
477 456058.0 4529393.0
478 404877.6875 4529292.0
479 627773.875 4529254.0
480 395481.40625 4528944.0
481 682989.375 4528904.0
482 489097.6875 4528886.0
483 422580.3125 4528869.0
484 290150.8125 4528609.0
485 521068.15625 4528572.5
486 344270.1875 4528554.0
487 384434.09375 4528540.0
488 370009.1875 4528483.0
489 555094.3125 4528454.0
490 556581.8125 4528399.0
491 279108.09375 4528376.0
492 559390.1875 4528264.0
493 457963.09375 4528255.0
494 336053.59375 4528233.0
495 281395.8125 4528075.0
496 378018.8125 4528050.0
497 414205.3125 4527811.0
498 467142.40625 4527558.0
499 277014.40625 4527557.0
500 484578.1875 4527486.0
501 672381.375 4527451.0
502 462532.5 4526991.0
503 474303.40625 4526926.0
504 408675.5 4526852.0
505 399998.8125 4526746.0
506 478427.1875 4526710.0
507 286375.0 4526554.0
508 301170.09375 4526408.0
509 379897.1875 4526372.0
510 430785.1875 4526266.0
511 278057.59375 4526244.0
512 288678.6875 4526217.0
513 494976.6875 4526172.0
514 667616.1875 4526086.0
515 273275.8125 4526034.0
516 285333.09375 4525978.0
517 516741.8125 4525926.0
518 374696.6875 4525867.0
519 434866.0 4525844.0
520 515754.1875 4525728.0
521 513646.40625 4525690.0
522 474973.1875 4525654.0
523 480044.40625 4525643.0
524 297996.90625 4525599.0
525 385466.3125 4525428.0
526 467576.3125 4525408.0
527 464695.59375 4525184.0
528 280601.1875 4525086.0
529 469496.6875 4524916.0
530 465574.6875 4524737.0
531 279128.40625 4524569.0
532 260457.90625 4524524.0
533 335179.8125 4524516.0
534 380578.90625 4524481.0
535 515522.1875 4524473.0
536 513731.1875 4524319.0
537 523914.875 4524267.0
538 318520.5 4524237.0
539 349181.8125 4524229.0
540 258669.703125 4524221.0
541 408569.5625 4524204.0
542 491475.09375 4524125.0
543 351928.5 4524112.0
544 249575.5 4523857.0
545 511957.0 4523739.0
546 375999.8125 4523736.0
547 646813.6875 4523717.0
548 506724.09375 4523639.0
549 288863.6875 4523610.0
550 354817.8125 4523580.0
551 405645.09375 4523574.0
552 526641.3125 4523539.0
553 327552.1875 4523463.0
554 509307.90625 4523357.0
555 657687.375 4523330.0
556 480817.8125 4523161.0
557 402175.3125 4523156.0
558 311887.3125 4523147.0
559 290303.6875 4523116.0
560 559327.5 4523053.0
561 391194.59375 4522949.0
562 470706.5 4522752.0
563 296013.1875 4522603.0
564 280167.59375 4522473.0
565 356826.5 4522438.0
566 292593.40625 4522409.0
567 472513.3125 4522243.0
568 373891.0 4522180.0
569 521281.625 4521946.0
570 360117.5 4521847.0
571 257942.90625 4521743.0
572 513381.9375 4521634.0
573 409004.40625 4521577.0
574 288922.0 4521560.0
575 504846.3125 4521531.0
576 348788.90625 4521506.0
577 272347.09375 4521438.0
578 396722.0 4521401.0
579 414198.8125 4521360.0
580 280219.6875 4521308.0
581 363944.8125 4521276.0
582 476384.0 4520859.0
583 325558.6875 4520815.0
584 432930.6875 4520776.0
585 525456.5 4520719.0
586 501860.8125 4520270.0
587 259834.796875 4520175.0
588 352514.8125 4520162.0
589 380982.90625 4520135.0
590 346358.5 4520040.0
591 494312.09375 4519846.0
592 344716.40625 4519672.0
593 361085.09375 4519641.0
594 253382.25 4519586.5
595 285568.8125 4519584.0
596 290393.59375 4519369.0
597 386787.59375 4519328.0
598 418152.6875 4519239.0
599 516238.59375 4519086.0
600 486841.8125 4519071.0
601 258448.0 4519053.0
602 331537.3125 4518916.0
603 392541.09375 4518660.0
604 519938.59375 4518636.0
605 376636.59375 4518588.0
606 296306.3125 4518584.0
607 285869.1875 4518568.0
608 267597.09375 4518554.0
609 445659.6875 4518409.0
610 323945.6875 4518287.0
611 439244.0 4518166.0
612 292534.3125 4518153.0
613 317319.0 4518109.0
614 335019.40625 4518065.0
615 391173.84375 4518015.0
616 361739.09375 4517844.0
617 358598.40625 4517769.0
618 428667.1875 4517542.0
619 287466.8125 4517461.0
620 333313.0 4517376.0
621 459292.59375 4517348.0
622 304887.8125 4517336.0
623 512986.5 4517324.0
624 280914.8125 4517304.0
625 396973.90625 4517266.0
626 272252.8125 4517190.0
627 455036.0 4516952.0
628 353338.3125 4516801.0
629 350849.09375 4516754.0
630 366052.8125 4516724.0
631 495725.1875 4516532.0
632 402172.0 4516503.0
633 404406.90625 4516413.0
634 338527.0 4516228.0
635 259178.203125 4515932.0
636 492266.3125 4515870.0
637 486510.5 4515791.0
638 354316.0 4515776.0
639 264102.8125 4515499.0
640 281300.3125 4515419.0
641 298435.90625 4515311.0
642 502894.0 4515011.0
643 379681.1875 4514984.0
644 291129.3125 4514857.0
645 412109.6875 4514788.0
646 360833.59375 4514785.0
647 350924.3125 4514557.0
648 344408.1875 4514314.0
649 256433.0 4514313.0
650 286090.09375 4514099.0
651 357530.1875 4514035.0
652 248071.203125 4514027.0
653 559831.1875 4513964.0
654 335328.6875 4513785.0
655 390878.3125 4513724.0
656 372542.1875 4513711.0
657 495623.1875 4513604.0
658 434338.40625 4513526.0
659 300639.40625 4513481.0
660 409631.6875 4513380.0
661 289622.3125 4513313.0
662 271606.5 4513096.0
663 375583.8125 4513035.0
664 332387.09375 4512842.0
665 422306.59375 4512786.0
666 355020.1875 4512762.0
667 349544.5 4512758.0
668 283713.6875 4512702.0
669 287214.3125 4512644.0
670 465141.3125 4511964.0
671 418678.3125 4511959.0
672 316041.0 4511901.0
673 426737.09375 4511796.0
674 263034.5 4511768.0
675 351734.40625 4511756.0
676 383935.40625 4511659.0
677 396149.90625 4511652.0
678 553631.125 4511569.0
679 421100.3125 4511407.0
680 280599.90625 4511214.0
681 455168.5 4510918.0
682 498270.40625 4510891.0
683 303254.09375 4510862.0
684 349075.6875 4510812.0
685 413685.3125 4510787.0
686 285396.09375 4510677.0
687 403258.3125 4510642.0
688 277297.8125 4510638.0
689 418495.0 4510609.0
690 309533.0 4510566.0
691 448165.5 4510326.0
692 465466.40625 4509970.0
693 404976.90625 4509887.0
694 381554.5 4509777.0
695 389522.1875 4509450.0
696 271919.8125 4509213.0
697 268750.09375 4509206.0
698 343199.09375 4509141.0
699 290579.6875 4508839.0
700 312984.3125 4508839.0
701 561333.375 4508770.0
702 355891.59375 4508748.0
703 408304.59375 4508702.0
704 260689.59375 4508345.0
705 344808.5 4508332.0
706 416288.8125 4508319.0
707 279937.0 4508315.0
708 546114.875 4508283.0
709 321911.1875 4508135.0
710 384747.3125 4508106.0
711 286359.59375 4508060.0
712 552650.875 4507924.0
713 430165.8125 4507818.0
714 392512.1875 4507650.0
715 396950.0 4507504.0
716 474981.1875 4507430.0
717 353104.3125 4507414.0
718 419201.5 4507148.0
719 284684.0 4507135.0
720 561401.3125 4507060.0
721 298898.5 4506937.0
722 376765.59375 4506807.0
723 303707.1875 4506805.0
724 311973.90625 4506559.0
725 332455.59375 4506249.0
726 339454.3125 4506110.0
727 382188.59375 4505975.0
728 258774.5 4505822.0
729 470701.59375 4505744.0
730 306787.59375 4505675.0
731 268377.8125 4505520.0
732 343187.40625 4505344.0
733 297307.0 4505183.0
734 356707.6875 4505051.0
735 433775.40625 4504890.0
736 443120.59375 4504705.0
737 415802.40625 4504608.0
738 546797.3125 4504533.0
739 353340.5 4504413.0
740 402595.90625 4504389.0
741 411619.0 4504356.0
742 552389.3125 4504165.0
743 316740.3125 4504110.0
744 347925.875 4504064.0
745 335583.59375 4504029.0
746 438917.3125 4504020.0
747 299578.5 4503820.0
748 293192.40625 4503773.0
749 296223.8125 4503507.0
750 381726.5 4503018.0
751 265761.6875 4502972.0
752 368690.6875 4502887.0
753 462831.90625 4502854.0
754 399191.90625 4502615.0
755 291718.3125 4502558.0
756 407837.8125 4502528.0
757 437023.3125 4502300.0
758 409487.3125 4502207.0
759 405670.90625 4502149.0
760 287937.6875 4502060.0
761 253531.203125 4502007.0
762 373994.8125 4501927.0
763 385010.1875 4501895.0
764 305694.8125 4501791.0
765 555687.125 4501739.0
766 390913.3125 4501734.0
767 340686.90625 4501686.0
768 269558.1875 4501646.0
769 410664.09375 4501634.0
770 425023.09375 4501604.0
771 344855.6875 4501436.0
772 295712.8125 4501135.0
773 474592.1875 4501131.0
774 444285.3125 4501050.0
775 265778.1875 4501026.0
776 310677.09375 4500869.0
777 262158.1875 4500809.0
778 558278.375 4500777.0
779 410183.09375 4500543.0
780 407414.40625 4500520.0
781 409040.09375 4500429.0
782 474206.09375 4500024.0
783 264063.1875 4499993.0
784 411014.1875 4499949.0
785 376155.90625 4499647.0
786 293399.09375 4499615.0
787 441055.3125 4499615.0
788 288803.8125 4499590.0
789 341844.8125 4499553.0
790 363677.6875 4499374.0
791 403370.59375 4499328.0
792 373740.3125 4499303.0
793 305956.09375 4499301.0
794 316941.1875 4499287.0
795 417582.1875 4499143.0
796 336559.0 4499074.0
797 411064.40625 4498812.0
798 456608.3125 4498777.0
799 412311.59375 4498744.0
800 285762.6875 4498518.0
801 436078.09375 4498274.0
802 438397.1875 4498250.0
803 368498.40625 4498202.0
804 309942.90625 4498149.0
805 418937.40625 4497906.0
806 431256.5 4497851.0
807 392793.1875 4497640.0
808 364733.5 4497551.0
809 345609.59375 4497538.0
810 433401.8125 4497330.0
811 413019.3125 4497243.0
812 452730.1875 4497157.0
813 297762.6875 4497107.0
814 466859.1875 4497051.0
815 462826.59375 4496675.0
816 389167.6875 4496397.0
817 362124.8125 4496354.0
818 358556.0 4496178.0
819 347187.90625 4496086.0
820 341552.40625 4496037.0
821 258058.796875 4496009.0
822 388501.8125 4495894.0
823 252782.296875 4495763.0
824 423753.3125 4495705.0
825 271719.8125 4495683.0
826 373374.3125 4495418.0
827 348854.5 4495407.0
828 287457.3125 4495401.0
829 311709.3125 4495393.0
830 279483.90625 4494832.0
831 378197.40625 4494787.0
832 336723.09375 4494555.0
833 414068.09375 4494541.0
834 358822.6875 4494476.0
835 361644.40625 4494258.0
836 364531.8125 4494170.0
837 356892.5 4494152.0
838 351928.6875 4494139.0
839 455398.3125 4493992.0
840 430925.59375 4493760.0
841 296636.90625 4493582.0
842 282290.3125 4493418.0
843 418497.3125 4493362.0
844 433507.90625 4493054.0
845 351098.53125 4493032.0
846 481726.3125 4492980.0
847 410949.09375 4492756.0
848 343371.59375 4492709.0
849 304810.0 4492474.0
850 296467.9375 4492099.5
851 359242.90625 4491989.0
852 361664.8125 4491842.0
853 340071.3125 4491692.0
854 306988.3125 4491621.0
855 380580.40625 4491299.0
856 377388.1875 4491080.0
857 439726.5 4491025.0
858 345688.6875 4490939.0
859 374122.8125 4490736.0
860 261243.90625 4490725.0
861 471044.3125 4490688.0
862 332896.1875 4490414.0
863 288431.8125 4490268.0
864 372324.90625 4490266.0
865 370622.5 4490230.0
866 309442.5 4490212.0
867 285457.59375 4489942.0
868 350927.0 4489942.0
869 455467.3125 4489899.0
870 364151.3125 4489860.0
871 255890.203125 4489710.0
872 296875.59375 4489693.0
873 447035.59375 4489413.0
874 353254.8125 4489399.0
875 357482.6875 4489339.0
876 263299.8125 4489116.0
877 440749.0 4489096.0
878 417011.8125 4488953.0
879 252751.59375 4488941.0
880 273126.5 4488786.0
881 268442.09375 4488689.0
882 429240.40625 4488683.0
883 280488.6875 4488321.0
884 292501.8125 4488243.0
885 465271.0 4488046.0
886 453156.5 4487935.0
887 250338.40625 4487791.0
888 272894.40625 4487779.0
889 259064.296875 4487340.0
890 347527.8125 4487220.0
891 309702.6875 4487123.0
892 303067.6875 4487095.0
893 277464.40625 4486701.0
894 338023.3125 4486604.0
895 291080.8125 4486399.0
896 478679.5 4486332.0
897 419815.1875 4486165.0
898 364057.8125 4486148.0
899 244299.796875 4486036.0
900 479753.40625 4486009.0
901 266256.0 4485998.0
902 433934.8125 4485760.0
903 311471.6875 4485582.0
904 261956.5 4485377.0
905 257010.203125 4485344.0
906 439340.8125 4485066.0
907 294045.0 4484997.0
908 314298.1875 4484862.0
909 318020.59375 4484843.0
910 365646.59375 4484786.0
911 293010.3125 4484761.0
912 485088.8125 4484594.0
913 376263.5 4484577.0
914 444882.90625 4484526.0
915 270044.59375 4484437.0
916 367734.90625 4484349.0
917 305896.3125 4484294.0
918 447023.6875 4483989.0
919 345563.0 4483956.0
920 260198.40625 4483931.0
921 472563.59375 4483850.0
922 452605.09375 4483741.0
923 404624.3125 4483557.0
924 407578.8125 4483290.0
925 451267.6875 4483246.0
926 401057.5 4483241.0
927 453337.90625 4483221.0
928 408833.5 4483206.0
929 350094.59375 4483179.0
930 299196.90625 4483131.0
931 357475.6875 4482971.0
932 348501.8125 4482802.0
933 359580.5 4482679.0
934 414201.21875 4482650.0
935 271843.1875 4482501.0
936 315000.59375 4482488.0
937 253301.875 4482216.5
938 417124.84375 4482060.5
939 470153.1875 4482055.0
940 371408.90625 4481866.0
941 257494.203125 4481739.0
942 465420.59375 4481540.0
943 267579.40625 4481467.0
944 273469.40625 4481220.0
945 418746.34375 4481213.0
946 426264.21875 4481188.5
947 344534.0 4481187.0
948 260354.703125 4481176.0
949 629161.875 4481176.0
950 302538.0 4481142.0
951 281874.40625 4481067.0
952 310618.59375 4480931.0
953 403973.6875 4480870.0
954 290009.0 4480813.0
955 276361.0 4480620.0
956 411482.5 4480563.0
957 319846.90625 4480536.0
958 376214.5 4480394.0
959 422554.40625 4480033.5
960 307705.90625 4479868.0
961 412700.6875 4479726.0
962 438684.09375 4479697.0
963 414304.09375 4479673.0
964 403263.40625 4479634.0
965 368770.6875 4479618.0
966 379672.8125 4479563.0
967 447293.6875 4479378.0
968 313946.90625 4479353.0
969 362215.40625 4479346.0
970 255760.5 4479259.0
971 316691.3125 4478786.0
972 262436.40625 4478785.0
973 287874.8125 4478778.0
974 430655.65625 4478353.5
975 379382.1875 4478147.0
976 268997.5 4478068.0
977 322370.40625 4477894.0
978 250152.296875 4477831.0
979 318318.5 4477424.0
980 472687.59375 4476978.0
981 379046.09375 4476894.0
982 277711.0 4476731.0
983 289546.6875 4476545.0
984 267133.3125 4476155.0
985 451187.1875 4476080.0
986 260406.09375 4476063.0
987 422849.25 4475857.0
988 231508.09375 4475662.0
989 323967.3125 4475579.0
990 350474.0 4475487.0
991 304371.5 4475403.0
992 309998.1875 4475348.0
993 256335.703125 4475284.0
994 408989.90625 4475248.0
995 369512.3125 4475171.0
996 417370.53125 4475144.5
997 324794.8125 4474981.0
998 442590.8125 4474962.0
999 459390.1875 4474729.0
1000 271335.5 4474658.0
