0 684105.125 4620825.0
1 691068.125 4619245.0
2 686173.625 4618852.0
3 677563.125 4617664.0
4 705405.1875 4615480.0
5 706217.8125 4612970.0
6 692311.125 4612798.0
7 681531.6875 4612608.0
8 697579.125 4611432.0
9 694277.125 4610888.0
10 701981.625 4610522.0
11 692743.5 4609735.0
12 711908.125 4607092.0
13 685319.625 4607018.0
14 692836.375 4606629.0
15 684733.625 4604870.0
16 705088.6875 4604142.0
17 709559.375 4604121.0
18 696324.1875 4600869.0
19 692018.0 4598461.0
20 705067.3125 4598077.0
21 711149.1875 4597847.0
22 690289.125 4597444.0
23 684729.1875 4596820.0
24 699817.375 4594687.0
25 690251.0 4594624.0
26 696608.375 4592420.0
27 698828.375 4592206.0
28 712790.625 4591880.0
29 688877.8125 4590962.0
30 684173.8125 4590846.0
31 694063.3125 4590071.0
32 713880.8125 4589636.0
33 685746.6875 4587366.0
34 688105.4375 4586834.0
35 700507.3125 4586617.0
36 702622.375 4586430.0
37 713942.875 4586090.0
38 695108.125 4585492.0
39 513091.3125 4584679.0
40 692525.3125 4584605.0
41 485617.0 4584266.0
42 523591.09375 4584241.0
43 718132.125 4584092.0
44 491093.1875 4583506.0
45 502396.59375 4583066.0
46 705562.875 4582945.0
47 698922.5 4582878.0
48 500617.6875 4582638.0
49 508169.8125 4582190.0
50 712135.8125 4581961.0
51 504776.0 4581242.0
52 703857.125 4580917.0
53 488835.3125 4580350.0
54 453309.40625 4580293.0
55 717850.875 4580292.0
56 708451.3125 4580083.0
57 715337.625 4580048.0
58 697441.8125 4579948.0
59 519614.6875 4579391.0
60 544531.75 4579366.0
61 446150.3125 4578692.0
62 689957.0 4578451.0
63 581585.375 4578054.0
64 475807.0 4577450.0
65 473941.8125 4577428.0
66 483200.59375 4577024.0
67 488884.3125 4576507.0
68 573979.5 4575793.0
69 675666.8125 4575559.0
70 704275.6875 4574524.0
71 461747.09375 4574024.0
72 499740.0 4573790.0
73 683335.125 4573499.0
74 688806.3125 4573333.0
75 481465.8125 4573217.0
76 487227.90625 4572069.0
77 414800.3125 4571888.0
78 543430.8125 4571476.0
79 411824.09375 4571308.0
80 699628.625 4571219.0
81 695021.125 4571195.0
82 473659.6875 4571022.0
83 458202.09375 4570782.0
84 419183.09375 4570623.0
85 494140.5 4570566.0
86 417251.6875 4570096.0
87 517381.09375 4569942.0
88 407201.1875 4569853.0
89 581348.6875 4569553.0
90 440797.1875 4569228.0
91 404116.5 4569106.0
92 479196.09375 4568948.0
93 569720.125 4568948.0
94 431047.1875 4568770.0
95 402529.59375 4568297.0
96 541440.375 4568089.0
97 427938.59375 4568039.0
98 640725.5 4567983.0
99 437494.0 4567967.0
100 447567.6875 4567946.0
101 416212.59375 4567931.0
102 423518.90625 4567925.0
103 398997.40625 4567491.0
104 555683.625 4567424.0
105 444102.40625 4566869.0
106 577192.9375 4566436.5
107 502022.0 4566425.0
108 422589.59375 4566348.0
109 655300.8125 4566086.0
110 434906.6875 4566047.0
111 587749.3125 4565899.0
112 484821.3125 4565354.0
113 552772.3125 4565336.0
114 411630.6875 4565305.0
115 436855.28125 4564913.5
116 448803.8125 4564607.0
117 548602.625 4564244.0
118 401745.40625 4563858.0
119 521850.1875 4563442.0
120 423177.1875 4563248.0
121 446903.59375 4563085.0
122 556215.875 4562901.0
123 692971.875 4562585.0
124 441497.59375 4562250.0
125 537455.375 4562127.0
126 529011.1875 4561610.0
127 439498.40625 4561496.0
128 432980.3125 4561492.0
129 490130.1875 4561027.0
130 558998.8125 4560737.0
131 568960.125 4560577.0
132 446273.1875 4560476.0
133 501565.5 4560184.0
134 400574.40625 4560148.0
135 465691.3125 4560033.0
136 508549.59375 4559976.0
137 494228.6875 4559699.0
138 484832.5 4559647.0
139 514005.09375 4559352.0
140 534231.6875 4559101.0
141 620749.3125 4559077.0
142 439651.09375 4559030.0
143 449415.90625 4558820.0
144 435783.1875 4558777.0
145 442907.6875 4558601.0
146 531572.375 4558598.0
147 497535.90625 4558305.0
148 692455.8125 4558295.0
149 526805.375 4558010.0
150 614796.125 4557767.0
151 399388.3125 4557722.0
152 517658.59375 4557671.0
153 407207.3125 4557263.0
154 525796.125 4556996.0
155 438520.8125 4556927.0
156 487334.3125 4556816.0
157 561011.625 4556783.0
158 446319.1875 4556585.0
159 546048.3125 4556296.0
160 450576.5 4556022.0
161 553326.1875 4555945.0
162 620541.875 4555773.0
163 628435.5 4555576.0
164 578482.625 4555292.0
165 394630.6875 4555207.0
166 512647.5 4555185.0
167 622758.125 4555096.0
168 506077.8125 4555082.0
169 686513.875 4555017.0
170 416571.5 4554971.0
171 413391.5 4554953.0
172 453122.40625 4554922.0
173 443983.5 4554603.0
174 491963.0 4554547.0
175 464859.90625 4554310.0
176 692001.8125 4554278.0
177 607061.8125 4554199.0
178 421420.0 4553996.0
179 574065.375 4553939.0
180 434318.3125 4553733.0
181 583501.5 4553600.0
182 522355.1875 4553533.0
183 500203.90625 4553525.0
184 493604.59375 4553440.0
185 441530.90625 4553417.0
186 602588.5 4553405.0
187 405702.8125 4553380.0
188 587449.8125 4553378.0
189 636830.8125 4553329.0
190 599033.625 4553212.0
191 375050.90625 4553055.0
192 517422.59375 4552965.0
193 447915.59375 4552818.0
194 525956.875 4552665.0
195 411343.6875 4552644.0
196 617869.0 4552621.0
197 590028.5625 4552364.5
198 548818.125 4552218.0
199 503442.90625 4552001.0
200 579282.375 4551916.0
201 454604.59375 4551910.0
202 525455.5 4551637.0
203 492746.09375 4551525.0
204 349463.0 4551349.0
205 647841.375 4551306.0
206 572297.625 4551253.0
207 354201.6875 4551139.0
208 447503.6875 4551097.0
209 585956.1875 4551012.0
210 378805.59375 4550958.0
211 384211.09375 4550956.0
212 437548.5 4550948.0
213 512044.90625 4550902.0
214 499469.40625 4550895.0
215 415279.40625 4550832.0
216 502247.59375 4550792.0
217 403073.0 4550787.0
218 409652.1875 4550738.0
219 443810.59375 4550722.0
220 692981.8125 4550369.0
221 507002.09375 4550238.0
222 363976.8125 4550161.0
223 468337.9375 4549879.0
224 514819.1875 4549868.0
225 473062.3125 4549833.0
226 457309.59375 4549698.0
227 465694.90625 4549655.0
228 392809.0 4549646.0
229 451584.6875 4549597.0
230 524136.5 4549441.0
231 544744.625 4549383.0
232 618495.3125 4549311.0
233 564946.1875 4549287.0
234 509500.0 4549116.0
235 603580.125 4549052.0
236 397259.09375 4549047.0
237 355288.3125 4548985.0
238 607914.3125 4548977.0
239 469994.09375 4548948.0
240 642280.125 4548923.0
241 575820.875 4548851.0
242 519257.8125 4548784.0
243 690598.8125 4548774.0
244 630336.625 4548699.0
245 566498.375 4548632.0
246 491078.90625 4548591.0
247 462039.3125 4548586.0
248 426811.5 4548567.0
249 373585.3125 4548491.0
250 485502.90625 4548447.0
251 406755.1875 4548421.0
252 372118.8125 4548360.0
253 563725.8125 4548055.5
254 439591.3125 4548050.0
255 495332.90625 4548047.0
256 436614.90625 4548005.0
257 444796.6875 4547981.0
258 624336.375 4547977.0
259 555493.875 4547864.0
260 475512.6875 4547761.0
261 515787.8125 4547639.0
262 533699.5 4547623.0
263 495977.0 4547593.0
264 633412.3125 4547482.0
265 379737.90625 4547415.0
266 540911.8125 4547369.0
267 416576.5 4547333.0
268 478234.6875 4547270.0
269 408147.6875 4547080.0
270 590043.375 4546736.0
271 547872.625 4546542.0
272 520551.6875 4546531.0
273 454460.59375 4546459.0
274 345294.0 4546413.0
275 483786.59375 4546391.0
276 346566.8125 4546158.0
277 448465.8125 4546119.0
278 575397.8125 4546052.0
279 560912.1875 4545958.0
280 496270.8125 4545719.0
281 580864.3125 4545621.0
282 522504.40625 4545275.0
283 479409.40625 4545235.0
284 625663.375 4545218.0
285 466592.8125 4545183.0
286 503991.3125 4545151.0
287 449449.1875 4545038.0
288 489235.8125 4545033.0
289 559804.5 4545013.0
290 599961.625 4544931.0
291 451402.8125 4544902.0
292 470626.5 4544842.0
293 508267.8125 4544547.0
294 420251.1875 4544520.0
295 586066.375 4544424.0
296 515897.5 4544299.0
297 537327.375 4544282.0
298 464557.09375 4544268.0
299 546305.625 4544259.0
300 617903.3125 4544171.0
301 692633.625 4544168.0
302 473725.09375 4544021.0
303 380263.1875 4543969.0
304 344671.09375 4543924.0
305 335404.1875 4543827.0
306 689596.875 4543781.0
307 481004.0 4543441.0
308 510947.90625 4543439.0
309 412122.1875 4543373.0
310 442231.40625 4543363.0
311 684570.3125 4543359.0
312 338629.1875 4543351.0
313 558582.125 4543296.0
314 332034.0 4543233.0
315 551771.6875 4543201.0
316 492360.3125 4543105.0
317 601881.8125 4543098.0
318 632210.625 4543044.0
319 398881.0 4543029.0
320 590003.8125 4542810.0
321 347613.1875 4542586.0
322 642587.125 4542581.0
323 664408.875 4542181.0
324 396104.90625 4542062.0
325 485486.40625 4541929.0
326 613826.625 4541908.0
327 566964.375 4541810.0
328 523493.0 4541776.0
329 492359.3125 4541623.0
330 531574.875 4541612.0
331 503132.90625 4541594.0
332 555793.875 4541518.0
333 571576.875 4541518.0
334 446314.3125 4541456.0
335 528381.875 4541323.0
336 467153.8125 4541204.0
337 346602.3125 4541186.0
338 480891.3125 4541103.0
339 475239.09375 4541066.0
340 456373.0 4540963.0
341 513410.0 4540917.0
342 553563.0625 4540645.5
343 461449.3125 4540565.0
344 387479.3125 4540514.0
345 564256.1875 4540456.0
346 356247.0 4540446.0
347 459357.09375 4540445.0
348 452281.3125 4540387.0
349 443963.59375 4540232.0
350 454313.90625 4540226.0
351 532039.625 4540151.0
352 585564.6875 4540146.0
353 416907.3125 4540074.0
354 334710.8125 4540011.0
355 398502.8125 4539993.0
356 524603.125 4539950.0
357 336843.0 4539915.5
358 517628.6875 4539915.0
359 623315.625 4539867.0
360 346454.8125 4539808.0
361 470615.59375 4539723.0
362 625191.6875 4539568.0
363 343862.5 4539366.0
364 330261.0 4539339.0
365 446810.09375 4539338.0
366 534762.3125 4539284.0
367 455477.6875 4539226.0
368 494805.90625 4539211.0
369 468794.3125 4539001.0
370 424585.1875 4538975.0
371 488077.59375 4538857.0
372 462702.59375 4538778.0
373 379945.40625 4538773.0
374 685776.0 4538756.0
375 481542.90625 4538625.0
376 427284.3125 4538575.0
377 629602.8125 4538484.0
378 553099.625 4538446.0
379 392945.90625 4538407.0
380 405354.40625 4538389.0
381 396595.40625 4538328.0
382 457003.4375 4538155.5
383 366965.5 4538073.0
384 554815.375 4538024.0
385 481869.90625 4537862.0
386 415567.09375 4537861.0
387 465893.90625 4537802.0
388 377026.59375 4537787.0
389 498531.5 4537727.0
390 342572.5 4537660.0
391 336705.5 4537613.0
392 364208.1875 4537416.0
393 426443.6875 4537373.0
394 327047.59375 4537321.0
395 650640.625 4537274.0
396 551458.625 4537250.0
397 501454.1875 4537216.0
398 459496.0 4537169.0
399 333049.09375 4537126.0
400 601609.0 4537042.0
401 450638.0 4537018.0
402 644454.875 4536970.0
403 559109.875 4536951.0
404 472037.09375 4536842.0
405 527501.3125 4536808.0
406 580395.9375 4536743.5
407 619465.8125 4536604.0
408 504744.40625 4536443.0
409 452472.90625 4536385.0
410 488819.6875 4536241.0
411 445852.59375 4536239.0
412 690557.0 4536161.0
413 539399.3125 4536136.0
414 578231.75 4536051.0
415 496670.59375 4535721.0
416 503295.09375 4535576.0
417 548764.3125 4535521.0
418 335078.09375 4535422.0
419 376147.90625 4535022.5
420 325423.8125 4534967.0
421 568362.9375 4534839.0
422 366091.3125 4534807.0
423 433204.40625 4534650.0
424 615102.8125 4534625.0
425 595018.625 4534598.0
426 404059.3125 4534541.0
427 347661.6875 4534418.0
428 530154.125 4534369.0
429 543088.0 4534369.0
430 341395.3125 4534191.0
431 475648.8125 4534172.0
432 631375.0 4534071.0
433 329135.0 4533862.0
434 420474.6875 4533854.0
435 451402.5 4533846.0
436 369438.1875 4533772.0
437 512244.90625 4533753.0
438 449260.0 4533556.0
439 553851.125 4533145.0
440 623931.0 4533118.0
441 454281.0 4533029.0
442 490585.90625 4532845.0
443 511786.59375 4532807.0
444 398989.1875 4532768.0
445 661200.3125 4532689.0
446 338278.40625 4532677.0
447 669779.8125 4532606.0
448 517633.0 4532463.0
449 458469.1875 4532443.0
450 493268.0 4532416.0
451 677972.3125 4532360.0
452 573383.9375 4532328.5
453 332925.5 4532303.0
454 514791.40625 4532248.0
455 377357.0 4532242.0
456 500278.8125 4532169.0
457 339205.6875 4532167.0
458 534851.875 4531768.0
459 282720.90625 4531655.0
460 379583.8125 4531490.0
461 451719.6875 4531247.0
462 559740.6875 4531189.0
463 327426.8125 4531151.0
464 463329.59375 4530955.0
465 430482.0 4530873.0
466 528548.125 4530857.0
467 570960.0 4530856.5
468 421550.5 4530704.0
469 411691.5 4530340.0
470 666548.3125 4530221.0
471 525787.8125 4530203.0
472 489009.8125 4530124.0
473 290334.90625 4529826.0
474 470867.09375 4529728.0
475 497778.09375 4529634.0
476 287004.59375 4529546.0
477 456058.0 4529393.0
478 404877.6875 4529292.0
479 627773.875 4529254.0
480 395481.40625 4528944.0
481 682989.375 4528904.0
482 489097.6875 4528886.0
483 422580.3125 4528869.0
484 290150.8125 4528609.0
485 521068.15625 4528572.5
486 344270.1875 4528554.0
487 384434.09375 4528540.0
488 370009.1875 4528483.0
489 555094.3125 4528454.0
490 556581.8125 4528399.0
491 279108.09375 4528376.0
492 559390.1875 4528264.0
493 457963.09375 4528255.0
494 336053.59375 4528233.0
495 281395.8125 4528075.0
496 378018.8125 4528050.0
497 414205.3125 4527811.0
498 467142.40625 4527558.0
499 277014.40625 4527557.0
500 484578.1875 4527486.0
