0 684105.125 4620825.0
1 691068.125 4619245.0
2 686173.625 4618852.0
3 677563.125 4617664.0
4 705405.1875 4615480.0
5 706217.8125 4612970.0
6 692311.125 4612798.0
7 681531.6875 4612608.0
8 697579.125 4611432.0
9 694277.125 4610888.0
10 701981.625 4610522.0
11 692743.5 4609735.0
12 711908.125 4607092.0
13 685319.625 4607018.0
14 692836.375 4606629.0
15 684733.625 4604870.0
16 705088.6875 4604142.0
17 709559.375 4604121.0
18 696324.1875 4600869.0
19 692018.0 4598461.0
20 705067.3125 4598077.0
21 711149.1875 4597847.0
22 690289.125 4597444.0
23 684729.1875 4596820.0
24 699817.375 4594687.0
25 690251.0 4594624.0
26 696608.375 4592420.0
27 698828.375 4592206.0
28 712790.625 4591880.0
29 688877.8125 4590962.0
30 684173.8125 4590846.0
31 694063.3125 4590071.0
32 713880.8125 4589636.0
33 685746.6875 4587366.0
34 688105.4375 4586834.0
35 700507.3125 4586617.0
36 702622.375 4586430.0
37 713942.875 4586090.0
38 695108.125 4585492.0
39 513091.3125 4584679.0
40 692525.3125 4584605.0
41 485617.0 4584266.0
42 523591.09375 4584241.0
43 718132.125 4584092.0
44 491093.1875 4583506.0
45 502396.59375 4583066.0
46 705562.875 4582945.0
47 698922.5 4582878.0
48 500617.6875 4582638.0
49 508169.8125 4582190.0
50 712135.8125 4581961.0
51 504776.0 4581242.0
52 703857.125 4580917.0
53 488835.3125 4580350.0
54 453309.40625 4580293.0
55 717850.875 4580292.0
56 708451.3125 4580083.0
57 715337.625 4580048.0
58 697441.8125 4579948.0
59 519614.6875 4579391.0
60 544531.75 4579366.0
61 446150.3125 4578692.0
62 689957.0 4578451.0
63 581585.375 4578054.0
64 475807.0 4577450.0
65 473941.8125 4577428.0
66 483200.59375 4577024.0
67 488884.3125 4576507.0
68 573979.5 4575793.0
69 675666.8125 4575559.0
70 704275.6875 4574524.0
71 461747.09375 4574024.0
72 499740.0 4573790.0
73 683335.125 4573499.0
74 688806.3125 4573333.0
75 481465.8125 4573217.0
76 487227.90625 4572069.0
77 414800.3125 4571888.0
78 543430.8125 4571476.0
79 411824.09375 4571308.0
80 699628.625 4571219.0
81 695021.125 4571195.0
82 473659.6875 4571022.0
83 458202.09375 4570782.0
84 419183.09375 4570623.0
85 494140.5 4570566.0
86 417251.6875 4570096.0
87 517381.09375 4569942.0
88 407201.1875 4569853.0
89 581348.6875 4569553.0
90 440797.1875 4569228.0
91 404116.5 4569106.0
92 479196.09375 4568948.0
93 569720.125 4568948.0
94 431047.1875 4568770.0
95 402529.59375 4568297.0
96 541440.375 4568089.0
97 427938.59375 4568039.0
98 640725.5 4567983.0