1 2899 8005 2933 8015
2 2894 8005 2899 8005
3 2882 8003 2894 8005
4 2878 8000 2882 8003
5 3412 7900 3414 7903
6 3407 7868 3414 7900
7 3393 7839 3407 7868
8 3384 7807 3393 7839
9 3384 7805 3385 7807
10 3385 7805 3385 7805
11 3904 7833 3915 7840
12 3915 7830 3915 7833
13 3915 7813 3916 7830
14 3903 7805 3916 7813
15 3903 7796 3910 7805
16 3904 7787 3910 7796
17 3904 7776 3917 7787
18 3852 7773 3882 7778
19 3882 7776 3917 7778
20 3835 7803 3836 7806
21 3836 7773 3852 7803
22 2850 7971 2878 8000
23 2841 7965 2850 7971
24 2833 7942 2841 7965
25 2819 7918 2833 7942
26 2817 7916 2819 7918
27 2813 7914 2817 7916
28 2801 7913 2813 7914
29 2801 7903 2802 7913
30 2797 7900 2802 7903
31 2796 7869 2797 7900
32 2790 7853 2796 7869
33 2787 7801 2790 7853
34 2786 7782 2787 7801
35 2784 7774 2786 7782
36 2784 7764 2786 7774
37 3936 7757 3937 7770
38 3917 7761 3934 7776
39 3934 7757 3936 7761
40 3936 7754 3938 7757
41 3936 7752 3938 7754
42 3936 7752 3936 7757
43 3385 7802 3388 7805
44 3388 7792 3404 7802
45 3404 7792 3405 7793
46 3405 7792 3421 7793
47 3421 7788 3428 7792
48 3428 7785 3445 7788
49 3445 7774 3473 7785
50 3473 7758 3491 7774
51 3491 7743 3539 7758
52 3539 7741 3552 7743
53 3552 7741 3559 7742
54 3559 7742 3565 7742
55 3565 7742 3583 7750
56 3583 7750 3618 7750
57 3618 7750 3654 7761
58 3654 7761 3683 7761
59 3683 7761 3718 7771
60 3718 7770 3744 7771
61 3744 7770 3762 7771
62 3762 7771 3764 7772
63 3764 7772 3799 7777
64 3799 7777 3842 7777
65 3842 7773 3852 7777
66 3910 7736 3936 7752
67 3898 7733 3910 7736
68 3852 7760 3863 7773
69 3863 7738 3895 7760
70 3895 7733 3898 7738
71 3898 7727 3903 7733
72 3903 7691 3916 7727
73 3916 7669 3934 7691
74 3936 7720 3948 7752
75 3934 7689 3948 7720
76 3934 7665 3943 7689
77 3934 7651 3937 7669
78 3943 7651 3946 7665
79 4083 7544 4087 7549
80 4087 7549 4124 7558
81 4124 7558 4142 7568
82 4142 7568 4155 7581
83 4155 7581 4169 7588
84 4169 7588 4178 7602
85 4178 7602 4184 7605
86 4184 7605 4195 7606
87 4195 7606 4214 7625
88 4214 7625 4224 7630
89 4224 7630 4232 7638
90 4232 7638 4242 7641
91 4242 7641 4252 7642
92 4252 7638 4266 7642
93 4266 7638 4282 7638
94 4282 7638 4302 7645
95 4302 7643 4373 7645
96 4373 7643 4380 7646
97 4380 7646 4396 7657
98 4396 7657 4415 7660
99 4415 7660 4425 7662
100 4423 7662 4425 7666
101 4423 7666 4434 7673
102 4434 7673 4437 7681
103 4437 7681 4445 7688
104 4445 7688 4446 7704
105 4446 7704 4453 7715
106 4453 7715 4454 7723
107 4440 7723 4454 7736
108 4428 7736 4440 7738
109 4408 7738 4428 7745
110 4395 7745 4408 7747
111 4380 7744 4395 7747
112 4378 7744 4380 7744
113 4358 7744 4378 7748
114 4322 7748 4358 7751
115 4305 7751 4322 7755
116 4277 7753 4305 7755
117 4263 7753 4277 7755
118 4251 7755 4263 7763
119 4238 7763 4251 7767
120 4198 7767 4238 7769
121 4181 7769 4198 7778
122 4151 7778 4181 7794
123 4125 7794 4151 7798
124 4114 7798 4125 7802
125 4096 7802 4114 7803
126 4096 7803 4096 7804
127 4073 7804 4096 7806
128 4033 7801 4073 7806
129 4004 7801 4033 7804
130 3984 7800 4004 7804
131 3984 7800 3984 7800
132 3967 7792 3984 7800
133 3948 7791 3967 7792
134 3946 7781 3948 7791
135 3929 7780 3946 7781
136 3917 7776 3929 7780
137 4062 7541 4076 7546
138 4076 7544 4083 7546
139 4015 7535 4046 7538
140 4046 7538 4062 7541
141 3946 7642 3963 7651
142 3963 7635 3971 7642
143 3971 7617 3973 7635
144 3973 7604 3982 7617
145 3982 7571 3982 7604
146 3982 7555 3989 7571
147 3989 7537 4012 7555
148 4012 7535 4015 7537
149 4075 7534 4083 7544
150 4062 7534 4075 7541
151 7797 7622 7806 7633
152 7806 7633 7817 7635
153 7817 7635 7828 7635
154 7828 7630 7842 7635
155 7842 7629 7858 7630
156 7858 7622 7875 7629
157 7875 7598 7890 7622
158 7890 7582 7907 7598
159 7907 7575 7921 7582
160 7921 7569 7942 7575
161 7942 7569 7943 7569
162 7943 7567 8011 7569
163 8011 7567 8015 7567
164 8015 7539 8039 7567
165 8039 7533 8048 7539
166 3990 7528 4015 7535
167 3937 7607 3946 7651
168 3946 7590 3966 7607
169 3966 7573 3971 7590
170 3967 7552 3971 7573
171 3967 7542 3971 7552
172 3971 7534 3985 7542
173 3985 7533 3985 7534
174 3985 7528 3990 7533
175 4015 7528 4018 7535
176 4018 7526 4060 7528
177 4060 7526 4071 7529
178 4071 7529 4075 7534
179 8062 7523 8077 7525
180 8048 7525 8062 7533
181 8060 7520 8077 7523
182 8048 7515 8060 7520
183 8048 7515 8048 7533
184 8146 7516 8155 7517
185 8135 7511 8146 7516
186 8081 7511 8135 7524
187 8077 7523 8081 7524
188 4018 7517 4018 7528
189 4018 7512 4023 7517
190 4023 7507 4050 7512
191 4050 7503 4064 7507
192 8036 7511 8048 7515
193 8021 7493 8036 7511
194 8006 7485 8021 7493
195 3551 7481 3581 7486
196 3581 7486 3596 7491
197 3596 7491 3620 7491
198 3620 7491 3650 7507
199 3650 7506 3650 7507
200 3650 7506 3688 7511
201 3688 7511 3705 7516
202 3705 7516 3724 7518
203 3724 7517 3748 7518
204 3748 7515 3784 7517
205 3784 7515 3813 7517
206 3813 7517 3826 7520
207 3826 7520 3859 7520
208 3859 7520 3874 7522
209 3874 7521 3904 7522
210 3904 7519 3917 7521
211 3917 7519 3935 7519
212 3935 7519 3952 7522
213 3952 7522 3961 7522
214 3961 7522 3973 7522
215 3973 7522 3990 7528
216 3360 7794 3385 7805
217 3358 7785 3360 7794
218 3358 7776 3360 7785
219 3360 7760 3386 7776
220 3386 7737 3449 7760
221 3449 7725 3458 7737
222 3457 7714 3458 7725
223 3456 7707 3457 7714
224 3456 7690 3460 7707
225 3458 7668 3460 7690
226 3449 7662 3458 7668
227 3445 7652 3449 7662
228 3445 7645 3446 7652
229 3446 7626 3460 7645
230 3460 7622 3464 7626
231 3464 7620 3472 7622
232 3472 7611 3480 7620
233 3480 7598 3488 7611
234 3488 7582 3497 7598
235 3497 7554 3504 7582
236 3504 7530 3522 7554
237 3522 7511 3546 7530
238 3546 7481 3551 7511
239 4050 7479 4062 7494
240 4062 7494 4064 7503
241 3990 7504 4014 7528
242 4014 7479 4050 7504
243 8000 7482 8002 7483
244 7983 7480 8000 7482
245 7965 7467 7983 7480
246 7958 7466 7965 7467
247 7941 7449 7958 7466
248 7935 7439 7941 7449
249 7933 7437 7935 7439
250 7933 7421 7936 7437
251 7929 7415 7936 7421
252 7929 7411 7931 7415
253 5614 7407 5622 7419
254 5622 7419 5640 7433
255 5640 7433 5660 7443
256 5660 7443 5685 7455
257 5685 7455 5697 7464
258 5697 7464 5721 7498
259 4064 7501 4101 7503
260 4101 7484 4170 7501
261 4170 7483 4195 7484
262 4195 7483 4234 7492
263 4234 7492 4271 7493
264 4271 7493 4276 7493
265 4276 7492 4295 7493
266 4295 7488 4311 7492
267 4311 7479 4326 7488
268 4326 7465 4335 7479
269 4335 7451 4355 7465
270 4355 7447 4368 7451
271 4368 7446 4411 7447
272 4411 7444 4424 7446
273 4424 7436 4444 7444
274 4444 7426 4470 7436
275 4470 7419 4478 7426
276 4478 7405 4500 7419
277 7892 7401 7931 7411
278 7908 7423 7935 7439
279 7892 7401 7908 7423
280 3551 7470 3555 7481
281 3545 7457 3555 7470
282 3545 7450 3548 7457
283 3544 7440 3548 7450
284 3544 7431 3557 7440
285 3555 7425 3557 7431
286 3530 7397 3555 7425
287 4500 7393 4520 7405
288 4520 7373 4557 7393
289 4520 7387 4522 7393
290 4522 7382 4530 7387
291 4530 7375 4545 7382
292 4545 7373 4557 7375
293 4557 7373 4572 7377
294 4572 7376 4581 7377
295 4581 7361 4601 7376
296 7931 7411 7946 7415
297 7946 7414 7959 7415
298 7959 7408 7973 7414
299 7973 7406 8001 7408
300 8001 7402 8008 7406
301 8008 7396 8011 7402
302 8011 7385 8071 7396
303 8071 7380 8083 7385
304 8083 7379 8090 7380
305 8090 7373 8093 7379
306 8093 7368 8102 7373
307 8102 7368 8113 7368
308 8113 7367 8117 7368
309 8117 7367 8156 7371
310 8156 7371 8168 7375
311 8168 7375 8201 7376
312 8201 7372 8211 7376
313 8211 7365 8214 7372
314 8207 7358 8214 7365
315 8207 7353 8207 7358
316 8207 7345 8214 7353
317 8214 7342 8237 7345
318 3515 7396 3530 7397
319 3504 7393 3515 7396
320 3497 7386 3504 7393
321 3477 7377 3497 7386
322 3470 7367 3477 7377
323 3468 7349 3470 7367
324 3458 7336 3468 7349
325 3457 7330 3458 7336
326 4601 7347 4616 7361
327 4616 7342 4623 7347
328 4623 7337 4625 7342
329 4625 7329 4628 7337
330 4622 7325 4628 7329
331 4557 7368 4566 7373
332 4566 7368 4572 7368
333 4572 7335 4613 7368
334 4613 7325 4622 7335
335 7638 7323 7642 7325
336 7642 7325 7644 7338
337 7644 7338 7674 7352
338 7674 7352 7703 7357
339 7703 7357 7763 7357
340 7763 7357 7786 7357
341 7786 7357 7805 7363
342 7805 7363 7831 7375
343 7831 7375 7846 7383
344 7846 7383 7892 7401
345 3429 7329 3457 7330
346 3415 7329 3429 7333
347 3398 7333 3415 7343
348 3388 7343 3398 7344
349 3376 7341 3388 7344
350 3331 7341 3376 7341
351 3268 7332 3331 7341
352 3254 7332 3268 7332
353 3219 7331 3254 7332
354 3193 7327 3219 7331
355 3159 7327 3193 7328
356 3142 7328 3159 7331
357 3130 7331 3142 7336
358 3125 7336 3130 7336
359 3116 7329 3125 7336
360 3112 7319 3116 7329
361 4613 7318 4622 7325
362 3457 7324 3457 7330
363 3457 7316 3460 7324
364 4622 7312 4628 7325
365 4628 7312 4637 7312
366 4637 7312 4644 7315
367 4644 7315 4663 7317
368 4663 7317 4670 7323
369 4670 7323 4692 7327
370 4650 7311 4692 7327
371 4121 7310 4125 7334
372 4108 7334 4121 7342
373 4062 7342 4108 7355
374 4054 7355 4062 7364
375 4033 7364 4054 7414
376 4031 7414 4033 7418
377 4031 7418 4041 7463
378 4041 7463 4050 7479
379 4610 7315 4613 7318
380 4610 7310 4612 7315
381 7612 7309 7621 7314
382 7621 7314 7622 7314
383 4556 7308 4574 7315
384 4574 7315 4613 7318
385 4548 7308 4556 7316
386 4258 7306 4275 7311
387 4050 7468 4070 7479
388 4070 7458 4080 7468
389 4080 7431 4097 7458
390 4097 7395 4149 7431
391 4149 7376 4166 7395
392 4166 7368 4173 7376
393 4173 7353 4196 7368
394 4196 7353 4197 7354
395 4197 7340 4222 7354
396 4222 7319 4247 7340
397 4247 7306 4258 7319
398 7591 7303 7608 7307
399 7608 7307 7610 7308
400 7565 7306 7582 7310
401 7582 7310 7589 7310
402 7589 7303 7591 7310
403 4612 7301 4624 7310
404 4650 7300 4650 7311
405 4624 7300 4650 7301
406 4624 7293 4630 7301
407 5080 7291 5085 7303
408 5067 7303 5080 7317
409 5067 7317 5069 7329
410 5065 7329 5069 7339
411 5055 7339 5065 7347
412 5045 7347 5055 7351
413 5040 7351 5045 7357
414 5029 7357 5040 7359
415 5015 7359 5029 7365
416 5005 7365 5015 7374
417 4964 7374 5005 7377
418 4962 7377 4964 7377
419 4905 7377 4962 7402
420 4884 7402 4905 7402
421 4866 7394 4884 7402
422 4861 7394 4866 7401
423 4846 7401 4861 7408
424 4839 7408 4846 7408
425 4832 7405 4839 7408
426 4815 7404 4832 7405
427 4802 7401 4815 7404
428 4786 7393 4802 7401
429 4778 7388 4786 7393
430 4753 7387 4778 7388
431 4737 7383 4753 7387
432 4732 7380 4737 7383
433 4730 7376 4732 7380
434 4706 7371 4730 7376
435 4698 7352 4706 7371
436 4689 7347 4698 7352
437 4686 7346 4689 7347
438 4686 7337 4695 7346
439 4692 7327 4695 7337
440 5373 7289 5376 7297
441 5373 7297 5379 7300
442 5379 7300 5400 7305
443 5400 7305 5408 7309
444 5408 7309 5415 7317
445 5415 7317 5432 7326
446 5432 7326 5439 7338
447 5439 7338 5464 7363
448 5464 7362 5497 7363
449 5497 7362 5514 7362
450 5514 7362 5529 7363
451 5529 7363 5588 7377
452 5588 7377 5599 7385
453 5599 7385 5606 7396
454 5080 7288 5085 7291
455 4650 7296 4702 7300
456 4702 7295 4719 7296
457 4719 7286 4740 7295
458 4243 7302 4258 7306
459 4218 7291 4243 7302
460 4200 7287 4218 7291
461 4194 7286 4200 7287
462 5085 7291 5101 7292
463 5101 7289 5121 7292
464 5121 7289 5139 7291
465 5139 7283 5165 7291
466 5165 7283 5177 7283
467 5177 7283 5199 7286
468 5199 7286 5240 7302
469 5240 7302 5264 7302
470 5264 7296 5283 7302
471 5283 7290 5300 7296
472 5300 7289 5376 7290
473 5377 7282 5379 7287
474 5376 7287 5377 7289
475 4165 7282 4194 7286
476 4156 7282 4165 7300
477 4135 7300 4156 7306
478 4125 7306 4135 7310
479 4740 7281 4760 7286
480 4760 7281 4782 7281
481 4782 7277 4797 7281
482 4797 7277 4813 7278
483 4813 7278 4834 7281
484 4834 7281 4859 7281
485 4859 7281 4878 7290
486 4878 7289 4914 7290
487 4914 7289 4927 7291
488 4927 7288 4943 7291
489 4943 7280 4963 7288
490 4963 7279 4973 7280
491 4973 7279 4981 7282
492 4981 7282 4991 7290
493 4991 7290 5009 7291
494 5009 7291 5036 7299
495 5036 7296 5069 7299
496 5069 7288 5080 7296
497 3544 7275 3545 7282
498 3523 7282 3544 7335
499 3523 7335 3530 7346
500 3530 7346 3549 7347
501 3549 7347 3583 7354
502 3583 7354 3592 7358
503 3592 7358 3597 7370
504 3597 7370 3599 7375
505 3552 7375 3599 7389
506 3534 7389 3552 7397
507 3530 7397 3534 7397
508 3462 7307 3463 7311
509 3463 7299 3475 7307
510 3475 7279 3508 7299
511 3508 7279 3515 7285
512 3515 7275 3545 7285
513 4523 7232 4555 7251
514 4555 7251 4577 7272
515 4577 7272 4611 7288
516 4611 7288 4630 7293
517 4181 7230 4186 7239
518 4178 7239 4186 7250
519 4165 7250 4178 7282
520 4547 7273 4556 7308
521 4514 7230 4547 7273
522 4500 7218 4514 7230
523 3642 7196 3728 7198
524 3728 7196 3758 7204
525 3758 7204 3788 7220
526 3788 7220 3804 7222
527 3804 7222 3843 7222
528 3843 7222 3851 7222
529 3851 7219 3870 7222
530 3870 7219 3899 7220
531 3899 7220 3943 7225
532 3943 7225 3984 7225
533 3984 7225 3997 7226
534 3997 7226 4005 7229
535 4005 7229 4016 7229
536 4016 7229 4027 7240
537 4027 7240 4032 7249
538 4032 7249 4038 7261
539 4038 7261 4072 7278
540 4072 7278 4088 7297
541 4088 7297 4108 7308
542 4108 7308 4125 7310
543 3589 7194 3630 7199
544 3630 7198 3642 7199
545 3545 7264 3553 7275
546 3553 7246 3585 7264
547 3585 7242 3586 7246
548 3580 7235 3586 7242
549 3580 7204 3588 7235
550 3588 7194 3589 7204
551 4463 7175 4474 7197
552 4474 7197 4500 7218
553 4258 7280 4280 7306
554 4280 7259 4306 7280
555 4306 7233 4345 7259
556 4345 7205 4382 7233
557 4382 7200 4389 7205
558 4389 7196 4397 7200
559 4397 7192 4430 7196
560 4430 7187 4446 7192
561 4446 7175 4463 7187
562 4913 7161 4946 7177
563 4946 7177 4970 7201
564 4970 7201 4987 7208
565 4987 7208 5005 7230
566 5005 7230 5011 7233
567 5011 7233 5019 7233
568 5013 7233 5019 7246
569 5013 7246 5028 7257
570 5028 7257 5053 7275
571 5053 7275 5065 7278
572 5065 7278 5073 7285
573 5073 7285 5080 7288
574 4890 7161 4913 7175
575 4826 7175 4890 7216
576 4814 7216 4826 7219
577 4784 7219 4814 7240
578 4776 7240 4784 7261
579 4765 7261 4776 7269
580 4762 7269 4765 7275
581 4740 7275 4762 7286
582 5363 7152 5394 7174
583 5394 7174 5413 7219
584 5413 7219 5413 7228
585 5397 7228 5413 7251
586 5396 7251 5397 7264
587 5379 7264 5396 7282
588 5363 7152 5381 7185
589 5373 7185 5381 7196
590 5373 7196 5385 7217
591 5385 7217 5386 7233
592 5378 7233 5386 7259
593 5378 7259 5380 7279
594 5379 7279 5380 7282
595 4704 7140 4714 7159
596 4704 7159 4706 7172
597 4703 7172 4706 7178
598 4693 7178 4703 7182
599 4671 7182 4693 7186
600 4660 7186 4671 7195
601 4651 7195 4660 7209
602 4648 7209 4651 7226
603 4648 7226 4650 7243
604 4650 7243 4652 7265
605 4630 7265 4652 7293
606 4523 7214 4525 7232
607 4525 7202 4530 7214
608 4527 7188 4530 7202
609 4527 7172 4531 7188
610 4516 7140 4531 7172
611 4509 7133 4516 7140
612 4500 7130 4509 7133
613 4458 7121 4466 7137
614 4466 7137 4469 7153
615 4467 7153 4469 7171
616 4463 7171 4467 7175
617 4181 7224 4208 7230
618 4208 7212 4244 7224
619 4244 7209 4264 7212
620 4264 7200 4294 7209
621 4294 7191 4309 7200
622 4309 7177 4324 7191
623 4324 7164 4333 7177
624 4333 7158 4344 7164
625 4344 7155 4351 7158
626 4351 7151 4368 7155
627 4368 7148 4397 7151
628 4397 7142 4409 7148
629 4409 7126 4433 7142
630 4433 7121 4458 7126
631 6691 7107 6704 7115
632 6704 7115 6735 7168
633 6735 7168 6740 7174
634 6740 7174 6780 7192
635 6780 7192 6811 7204
636 6811 7204 6898 7238
637 6898 7238 6927 7245
638 6927 7245 6954 7245
639 6953 7244 6954 7245
640 6953 7244 6975 7253
641 6975 7253 6995 7257
642 6995 7257 6998 7257
643 6998 7257 7090 7280
644 7090 7280 7107 7282
645 7107 7282 7130 7289
646 7130 7289 7189 7299
647 7189 7299 7198 7299
648 7198 7295 7238 7299
649 7238 7295 7297 7305
650 7297 7299 7376 7305
651 7376 7296 7390 7299
652 7390 7296 7408 7297
653 7408 7297 7410 7298
654 7410 7297 7445 7298
655 7445 7297 7473 7300
656 7473 7300 7539 7303
657 7539 7303 7565 7306
658 6611 7140 6623 7145
659 6623 7139 6639 7140
660 6639 7107 6691 7139
661 6583 7170 6585 7182
662 6582 7169 6585 7170
663 6576 7164 6582 7169
664 6572 7148 6576 7164
665 6564 7140 6572 7148
666 6564 7129 6565 7140
667 6565 7123 6569 7129
668 6562 7105 6569 7123
669 5280 7097 5285 7109
670 5285 7109 5293 7121
671 5293 7121 5305 7125
672 5305 7125 5328 7127
673 5328 7127 5335 7129
674 5335 7129 5363 7152
675 5349 7123 5363 7152
676 5335 7115 5349 7123
677 5326 7112 5335 7115
678 5314 7104 5326 7112
679 5305 7104 5314 7104
680 5288 7097 5305 7104
681 5280 7097 5288 7097
682 5277 7094 5280 7097
683 6661 7093 6691 7107
684 6562 7098 6589 7105
685 6589 7093 6595 7098
686 7591 7292 7595 7303
687 7595 7276 7609 7292
688 7609 7258 7620 7276
689 7620 7243 7637 7258
690 7637 7239 7648 7243
691 7648 7232 7692 7239
692 7692 7219 7729 7232
693 7729 7214 7745 7219
694 7745 7166 7805 7214
695 7805 7146 7814 7166
696 7814 7136 7838 7146
697 7838 7122 7855 7136
698 7855 7118 7859 7122
699 7859 7115 7868 7118
700 7868 7103 7881 7115
701 7881 7091 7881 7103
702 6644 7090 6653 7090
703 6653 7090 6661 7093
704 6600 7089 6613 7092
705 6613 7091 6623 7092
706 6623 7090 6644 7091
707 6595 7089 6600 7093
708 6634 7089 6644 7090
709 6609 7083 6634 7089
710 6600 7083 6609 7089
711 5251 7092 5277 7094
712 5236 7089 5251 7092
713 5223 7085 5236 7089
714 5203 7082 5223 7085
715 4913 7161 4927 7162
716 4927 7156 4937 7162
717 4937 7155 4948 7156
718 4948 7141 4967 7155
719 4967 7140 4990 7141
720 4990 7134 5007 7140
721 5007 7132 5054 7134
722 5054 7128 5081 7132
723 5081 7128 5106 7136
724 5106 7136 5108 7137
725 5108 7132 5123 7137
726 5123 7123 5130 7132
727 5130 7114 5147 7123
728 5147 7114 5147 7116
729 5147 7114 5157 7116
730 5157 7095 5176 7114
731 5176 7082 5203 7095
732 6664 7081 6666 7085
733 6661 7085 6666 7093
734 6634 7081 6658 7089
735 6658 7081 6664 7081
736 6691 7103 6698 7107
737 6698 7094 6702 7103
738 6702 7080 6702 7094
739 6664 7080 6702 7081
740 6589 7079 6589 7087
741 6589 7087 6595 7093
742 6560 7100 6562 7105
743 6560 7088 6566 7100
744 6566 7080 6575 7088
745 6575 7079 6589 7080
746 4498 7129 4500 7130
747 4496 7113 4498 7129
748 4495 7101 4496 7113
749 4486 7078 4495 7101
750 4480 7078 4486 7084
751 4480 7084 4480 7099
752 4474 7099 4480 7113
753 4458 7113 4474 7121
754 6599 7076 6609 7083
755 6589 7076 6599 7076
756 6589 7076 6589 7079
757 6319 7073 6384 7098
758 6384 7098 6404 7103
759 6404 7102 6416 7103
760 6416 7102 6421 7106
761 6421 7103 6446 7106
762 6446 7103 6474 7110
763 6474 7110 6488 7111
764 6488 7109 6511 7111
765 6511 7105 6562 7109
766 4715 7072 4718 7091
767 4715 7091 4716 7112
768 4716 7112 4721 7129
769 4717 7129 4721 7135
770 4714 7135 4717 7140
771 4901 7149 4913 7161
772 4890 7149 4901 7150
773 4875 7150 4890 7156
774 4867 7156 4875 7156
775 4842 7147 4867 7156
776 4836 7142 4842 7147
777 4832 7129 4836 7142
778 4805 7123 4832 7129
779 4782 7093 4805 7123
780 4780 7090 4782 7093
781 4772 7076 4780 7090
782 4756 7072 4772 7076
783 4718 7072 4756 7072
784 4491 7070 4500 7071
785 4486 7070 4491 7078
786 6632 7081 6634 7089
787 6626 7074 6632 7081
788 6613 7069 6626 7074
789 6599 7069 6613 7076
790 4491 7066 4500 7070
791 4673 7071 4718 7072
792 4624 7060 4673 7071
793 4609 7060 4624 7061
794 4580 7061 4609 7068
795 4549 7068 4580 7069
796 4531 7069 4549 7072
797 4513 7072 4531 7072
798 4511 7072 4513 7072
799 4500 7071 4511 7072
800 4718 7057 4728 7072
801 5241 7054 5250 7061
802 5250 7061 5277 7094
803 5203 7076 5215 7082
804 5215 7064 5220 7076
805 5220 7054 5241 7064
806 5241 7051 5249 7054
807 6702 7046 6703 7080
808 6667 7046 6703 7069
809 6663 7069 6667 7079
810 6663 7079 6664 7081
811 4441 7006 4445 7012
812 4445 7012 4491 7070
813 4436 7006 4441 7026
814 4433 7026 4436 7039
815 4426 7039 4433 7065
816 4426 7065 4432 7087
817 4432 7087 4458 7121
818 8098 6997 8135 7007
819 8135 7007 8216 7039
820 8216 7039 8239 7042
821 8239 7042 8267 7050
822 8267 7050 8285 7053
823 7881 7091 7890 7092
824 7890 7077 7924 7092
825 7924 7067 7939 7077
826 7939 7057 7958 7067
827 7958 7033 8052 7057
828 8052 7028 8059 7033
829 8059 7013 8081 7028
830 8081 6997 8098 7013
831 5249 7050 5249 7051
832 5248 7038 5249 7050
833 5248 7007 5268 7038
834 5268 6994 5269 7007
835 5269 6990 5292 6994
836 5292 6987 5302 6990
837 5302 6987 5319 6989
838 5319 6989 5328 6989
839 5328 6983 5346 6989
840 5346 6973 5353 6983
841 4740 6969 4743 6979
842 4740 6979 4751 6999
843 4751 6999 4751 7010
844 4744 7010 4751 7020
845 4744 7020 4746 7029
846 4735 7029 4746 7046
847 4728 7046 4735 7057
848 4500 7055 4520 7066
849 4520 7043 4530 7055
850 4530 7037 4556 7043
851 4556 7027 4579 7037
852 4579 7024 4595 7027
853 4595 7020 4632 7024
854 4632 7013 4666 7020
855 4666 7011 4671 7013
856 4671 7008 4677 7011
857 4677 6989 4694 7008
858 4694 6980 4708 6989
859 4708 6969 4743 6980
860 4743 6965 4753 6969
861 4753 6947 4780 6965
862 4780 6938 4793 6947
863 6703 7024 6741 7046
864 6741 7010 6755 7024
865 6755 6963 6792 7010
866 6792 6941 6815 6963
867 6815 6937 6819 6941
868 4777 6933 4793 6938
869 4777 6933 4780 6947
870 3642 7169 3701 7198
871 3701 7167 3724 7169
872 3724 7167 3724 7168
873 3724 7160 3748 7168
874 3748 7155 3766 7160
875 3766 7143 3786 7155
876 3786 7129 3791 7143
877 3791 7126 3802 7129
878 3802 7121 3823 7126
879 3823 7120 3856 7121
880 3856 7120 3882 7122
881 3882 7122 3902 7128
882 3902 7128 3920 7128
883 3920 7122 3930 7128
884 3930 7116 3964 7122
885 3964 7112 3971 7116
886 3971 7103 3972 7112
887 3968 7094 3972 7103
888 3963 7082 3968 7094
889 3963 7052 3980 7082
890 3980 7044 3982 7052
891 3978 7030 3982 7044
892 3978 7019 3978 7030
893 3978 7005 3989 7019
894 3988 6993 3989 7005
895 3988 6986 3998 6993
896 3998 6979 4000 6986
897 3997 6975 4000 6979
898 3996 6974 3997 6975
899 3987 6952 3996 6974
900 3981 6931 3987 6952
901 4040 6931 4040 6940
902 4040 6940 4062 6959
903 4062 6959 4069 6968
904 4069 6968 4079 6975
905 4079 6975 4097 7026
906 4097 7026 4119 7044
907 4119 7044 4129 7052
908 4129 7052 4153 7077
909 4151 7077 4153 7094
910 4151 7094 4157 7110
911 4153 7110 4157 7126
912 4146 7126 4153 7140
913 4128 7140 4146 7150
914 4128 7150 4128 7158
915 4128 7158 4128 7159
916 4128 7159 4133 7168
917 4133 7168 4134 7179
918 4134 7179 4162 7220
919 4162 7220 4178 7225
920 4178 7225 4181 7230
921 3981 6930 4007 6931
922 4007 6930 4011 6931
923 4011 6928 4019 6931
924 4019 6928 4037 6929
925 4037 6929 4040 6931
926 6809 6924 6819 6937
927 5353 6958 5361 6973
928 5356 6953 5361 6958
929 5356 6939 5357 6953
930 5319 6923 5357 6939
931 5340 6957 5353 6973
932 5335 6943 5340 6957
933 5319 6923 5335 6943
934 4380 6922 4389 6925
935 4389 6925 4404 6953
936 4404 6953 4406 6966
937 4406 6966 4441 7006
938 4040 6931 4061 6940
939 4061 6940 4102 6952
940 4102 6952 4138 6961
941 4138 6960 4160 6961
942 4160 6952 4199 6960
943 4199 6951 4211 6952
944 4211 6949 4216 6951
945 4216 6949 4224 6949
946 4224 6943 4231 6949
947 4231 6938 4237 6943
948 4237 6932 4247 6938
949 4247 6928 4271 6932
950 4271 6928 4305 6929
951 4305 6926 4350 6929
952 4350 6921 4359 6926
953 4359 6921 4380 6923
954 4380 6922 4380 6923
955 8292 7055 8306 7058
956 8306 7058 8352 7064
957 8352 7064 8363 7071
958 8363 7070 8384 7071
959 8384 7066 8398 7070
960 8398 7066 8405 7069
961 8405 7067 8428 7069
962 8428 7067 8442 7068
963 8441 7067 8442 7068
964 8441 7066 8476 7067
965 8476 7062 8485 7066
966 8485 7058 8495 7062
967 8495 7053 8498 7058
968 8496 7053 8498 7054
969 8496 7039 8513 7054
970 8513 7030 8530 7039
971 8530 7010 8553 7030
972 8553 7002 8558 7010
973 8558 7002 8568 7002
974 8568 6983 8582 7002
975 8582 6980 8605 6983
976 8605 6974 8616 6980
977 8616 6957 8650 6974
978 8650 6937 8685 6957
979 8685 6931 8690 6937
980 8690 6921 8715 6931
981 7881 7074 7885 7091
982 7879 7046 7885 7074
983 7861 7025 7879 7046
984 7861 6985 7868 7025
985 7868 6985 7870 6985
986 7870 6971 7876 6985
987 7876 6970 7876 6971
988 7876 6948 7878 6970
989 7870 6939 7878 6948
990 7854 6931 7870 6939
991 7849 6919 7854 6931
992 3655 6918 3733 6923
993 5219 6914 5253 6948
994 5253 6948 5254 6958
995 5238 6958 5254 6972
996 5232 6972 5238 7029
997 5231 7029 5232 7029
998 5231 7029 5231 7030
999 5231 7030 5232 7049
1000 5232 7049 5241 7054
1001 4380 6914 4388 6922
1002 4387 6913 4388 6914
1003 3850 6909 3853 6910
1004 3853 6909 3870 6910
1005 3870 6909 3881 6911
1006 3881 6911 3914 6925
1007 3914 6925 3927 6929
1008 3927 6928 3957 6929
1009 3957 6928 3971 6931
1010 3971 6931 3981 6931
1011 3841 6909 3850 6911
1012 3733 6911 3841 6918
1013 5213 6914 5219 6914
1014 5196 6909 5213 6914
1015 5195 7081 5203 7082
1016 5189 7071 5195 7081
1017 5182 7045 5189 7071
1018 5182 7044 5182 7045
1019 5182 7033 5182 7044
1020 5182 7013 5188 7033
1021 5188 6992 5212 7013
1022 5212 6948 5226 6992
1023 5222 6935 5226 6948
1024 5210 6929 5222 6935
1025 5200 6924 5210 6929
1026 5200 6919 5201 6924
1027 5196 6909 5201 6919
1028 5309 6917 5319 6923
1029 5286 6908 5309 6917
1030 5260 6908 5286 6914
1031 5219 6914 5260 6914
1032 7560 7297 7565 7306
1033 7532 7263 7560 7297
1034 7528 7254 7532 7263
1035 7501 7229 7528 7254
1036 7501 7202 7510 7229
1037 7510 7191 7519 7202
1038 7519 7188 7521 7191
1039 7521 7118 7546 7188
1040 7546 7114 7558 7118
1041 7558 7103 7565 7114
1042 7565 7081 7601 7103
1043 7601 7073 7613 7081
1044 7613 7055 7622 7073
1045 7620 7047 7622 7055
1046 7620 7036 7630 7047
1047 7630 6988 7652 7036
1048 7649 6982 7652 6988
1049 7639 6975 7649 6982
1050 7625 6969 7639 6975
1051 7617 6965 7625 6969
1052 7599 6963 7617 6965
1053 7579 6955 7599 6963
1054 7567 6945 7579 6955
1055 7555 6928 7567 6945
1056 7543 6921 7555 6928
1057 7530 6917 7543 6921
1058 7530 6908 7531 6917
1059 7531 6906 7534 6908
1060 7534 6905 7537 6906
1061 7537 6905 7543 6905
1062 4441 6956 4452 7006
1063 4439 6916 4452 6956
1064 4439 6903 4442 6916
1065 4411 6903 4442 6905
1066 4387 6905 4411 6913
1067 4755 6926 4777 6933
1068 4728 6925 4755 6926
1069 4717 6921 4728 6925
1070 4698 6919 4717 6921
1071 4678 6919 4698 6920
1072 4671 6919 4678 6920
1073 4654 6919 4671 6921
1074 4640 6917 4654 6921
1075 4607 6917 4640 6917
1076 4593 6917 4607 6919
1077 4573 6915 4593 6919
1078 4555 6912 4573 6915
1079 4527 6908 4555 6912
1080 4500 6901 4527 6908
1081 4492 6899 4500 6901
1082 4470 6899 4492 6900
1083 4462 6900 4470 6902
1084 4442 6902 4462 6903
1085 7543 6899 7620 6905
1086 7620 6899 7639 6902
1087 7639 6898 7705 6902
1088 7705 6898 7739 6900
1089 7739 6900 7743 6903
1090 7743 6903 7746 6908
1091 7746 6908 7749 6915
1092 7749 6915 7779 6920
1093 7779 6920 7842 6924
1094 7842 6919 7849 6924
1095 6702 7080 6781 7080
1096 6781 7076 6807 7080
1097 6807 7076 6888 7078
1098 6888 7063 6895 7078
1099 6895 7062 6895 7063
1100 6895 7059 6900 7062
1101 6898 7059 6900 7059
1102 6898 7051 6900 7059
1103 6900 7040 6908 7051
1104 6908 7030 6963 7040
1105 6963 7023 6980 7030
1106 6980 7023 6990 7023
1107 6990 7014 7013 7023
1108 7013 7010 7036 7014
1109 7036 6999 7058 7010
1110 7058 6988 7080 6999
1111 7080 6980 7137 6988
1112 7137 6976 7157 6980
1113 7157 6973 7202 6976
1114 7202 6965 7217 6973
1115 7217 6957 7226 6965
1116 7226 6950 7244 6957
1117 7244 6926 7303 6950
1118 7303 6912 7322 6926
1119 7322 6909 7337 6912
1120 7337 6898 7355 6909
1121 7355 6898 7364 6898
1122 6809 6916 6817 6924
1123 6817 6910 6817 6916
1124 6809 6902 6817 6910
1125 6780 6897 6809 6902
1126 6780 6897 6809 6924
1127 7364 6898 7370 6904
1128 7370 6904 7381 6904
1129 7381 6899 7397 6904
1130 7397 6896 7432 6899
1131 7432 6896 7485 6896
1132 7485 6896 7511 6904
1133 7511 6903 7524 6904
1134 7524 6903 7534 6906
1135 5269 6900 5286 6908
1136 5254 6896 5269 6900
1137 3979 6925 3981 6931
1138 3979 6914 3981 6925
1139 3981 6906 3989 6914
1140 3989 6895 4013 6906
1141 4013 6894 4017 6895
1142 3589 7174 3589 7194
1143 3566 7142 3589 7174
1144 3560 7102 3566 7142
1145 3560 7094 3567 7102
1146 3566 7088 3567 7094
1147 3549 7077 3566 7088
1148 3549 7077 3549 7077
1149 3542 7037 3549 7077
1150 3532 7016 3542 7037
1151 3528 6998 3532 7016
1152 3516 6982 3528 6998
1153 3506 6961 3516 6982
1154 3506 6955 3508 6961
1155 3508 6954 3508 6955
1156 3508 6912 3556 6954
1157 3556 6908 3563 6912
1158 3563 6906 3587 6908
1159 3587 6897 3595 6906
1160 3595 6892 3631 6897
1161 3631 6892 3639 6897
1162 3639 6896 3649 6897
1163 3649 6896 3650 6896
1164 3659 6894 3664 6894
1165 3664 6894 3682 6895
1166 3682 6895 3691 6898
1167 3691 6897 3713 6898
1168 3713 6897 3726 6901
1169 3726 6893 3761 6901
1170 3761 6891 3764 6893
1171 3764 6891 3804 6891
1172 3804 6891 3825 6897
1173 3825 6897 3850 6909
1174 6277 7065 6319 7073
1175 6209 7046 6277 7065
1176 6175 7032 6209 7046
1177 6145 7008 6175 7032
1178 6145 7007 6145 7008
1179 6139 6997 6145 7007
1180 6139 6989 6141 6997
1181 6132 6979 6141 6989
1182 6122 6963 6132 6979
1183 6116 6941 6122 6963
1184 6103 6924 6116 6941
1185 6087 6913 6103 6924
1186 6059 6898 6087 6913
1187 6058 6898 6059 6898
1188 6027 6889 6058 6898
1189 5983 6889 6027 6892
1190 5972 6890 5983 6892
1191 5967 6885 5972 6890
1192 6755 6884 6780 6897
1193 6755 6884 6755 6894
1194 6736 6894 6755 6928
1195 6711 6928 6736 6947
1196 6702 6947 6711 6960
1197 6701 6960 6702 6972
1198 6701 6972 6707 7002
1199 6707 7002 6709 7015
1200 6703 7015 6709 7046
1201 5208 6883 5254 6896
1202 5205 6881 5208 6883
1203 5254 6886 5276 6896
1204 5276 6886 5304 6886
1205 5304 6882 5312 6886
1206 5312 6882 5359 6882
1207 5359 6880 5363 6882
1208 8098 6977 8115 6997
1209 8115 6968 8116 6977
1210 8116 6915 8148 6968
1211 8148 6896 8172 6915
1212 8172 6886 8174 6896
1213 8174 6884 8180 6886
1214 8180 6880 8195 6884
1215 5191 6907 5196 6909
1216 5161 6877 5191 6907
1217 4793 6934 4800 6938
1218 4800 6933 4809 6934
1219 4809 6928 4819 6933
1220 4819 6924 4837 6928
1221 4837 6917 4879 6924
1222 4879 6916 4907 6917
1223 4907 6916 4919 6918
1224 4919 6918 4937 6925
1225 4937 6925 4946 6925
1226 4946 6921 4964 6925
1227 4964 6921 4964 6922
1228 4964 6922 4985 6923
1229 4985 6921 4991 6923
1230 4991 6911 5024 6921
1231 5024 6911 5039 6911
1232 5039 6898 5059 6911
1233 5059 6898 5059 6899
1234 5059 6897 5092 6899
1235 5092 6890 5109 6897
1236 5109 6890 5125 6892
1237 5125 6892 5129 6893
1238 5129 6885 5157 6893
1239 5157 6877 5161 6885
1240 5166 6874 5196 6909
1241 5161 6874 5166 6877
1242 4382 6904 4387 6913
1243 4382 6866 4390 6904
1244 8195 6880 8208 6886
1245 8208 6886 8224 6888
1246 8224 6888 8245 6903
1247 8245 6902 8285 6903
1248 8285 6882 8294 6902
1249 8294 6866 8320 6882
1250 8320 6865 8325 6866
1251 8333 6864 8336 6865
1252 8336 6864 8354 6867
1253 8354 6867 8375 6871
1254 8375 6871 8400 6871
1255 8400 6871 8425 6875
1256 8425 6875 8507 6906
1257 8507 6904 8533 6906
1258 8533 6900 8548 6904
1259 8548 6898 8554 6900
1260 8554 6885 8585 6898
1261 8585 6883 8627 6885
1262 8627 6883 8636 6885
1263 8636 6885 8645 6889
1264 8645 6889 8662 6891
1265 8662 6887 8673 6891
1266 8673 6887 8687 6889
1267 8687 6889 8713 6890
1268 5956 6885 5967 6891
1269 5925 6891 5956 6895
1270 5905 6895 5925 6901
1271 5882 6901 5905 6903
1272 5867 6890 5882 6903
1273 5863 6880 5867 6890
1274 5832 6864 5863 6880
1275 5811 6862 5832 6864
1276 5802 6860 5811 6862
1277 5799 6860 5802 6860
1278 5760 6860 5799 6861
1279 5737 6861 5760 6865
1280 5707 6863 5737 6865
1281 5686 6863 5707 6864
1282 5681 6862 5686 6864
1283 5665 6862 5681 6866
1284 5600 6866 5665 6874
1285 5594 6874 5600 6878
1286 5592 6878 5594 6879
1287 5561 6879 5592 6879
1288 5530 6879 5561 6896
1289 5496 6896 5530 6909
1290 5472 6907 5496 6909
1291 5454 6903 5472 6907
1292 5431 6895 5454 6903
1293 5412 6892 5431 6895
1294 5404 6892 5412 6892
1295 5397 6892 5404 6892
1296 5363 6880 5397 6892
1297 5166 6866 5173 6874
1298 5172 6857 5173 6866
1299 8186 6854 8192 6859
1300 8186 6859 8192 6878
1301 8192 6878 8195 6880
1302 5202 6880 5205 6881
1303 5199 6878 5202 6880
1304 5199 6863 5201 6878
1305 5193 6856 5201 6863
1306 5185 6853 5193 6856
1307 5172 6853 5185 6857
1308 7849 6913 7862 6919
1309 7862 6894 7891 6913
1310 7891 6884 7897 6894
1311 7897 6883 7923 6884
1312 7923 6883 7955 6886
1313 7955 6884 7976 6886
1314 7976 6867 8024 6884
1315 8024 6865 8027 6867
1316 8027 6865 8064 6865
1317 8064 6858 8110 6865
1318 8110 6853 8126 6858
1319 8126 6849 8132 6853
1320 8132 6849 8151 6851
1321 8151 6850 8177 6851
1322 8177 6850 8192 6854
1323 4442 6874 4447 6903
1324 4446 6856 4447 6874
1325 4439 6848 4446 6856
1326 4390 6864 4404 6866
1327 4404 6855 4423 6864
1328 4423 6854 4430 6855
1329 4430 6848 4439 6854
1330 5155 6849 5172 6857
1331 5133 6849 5155 6850
1332 5117 6848 5133 6850
1333 5103 6841 5117 6848
1334 5081 6838 5103 6841
1335 5086 6843 5161 6877
1336 5081 6838 5086 6843
1337 5080 6838 5081 6838
1338 5053 6836 5080 6838
1339 4985 6823 5053 6836
1340 4963 6820 4985 6823
1341 4950 6820 4963 6820
1342 4938 6818 4950 6820
1343 4930 6815 4938 6818
1344 4905 6815 4930 6816
1345 4874 6809 4905 6816
1346 4869 6804 4874 6809
1347 4819 6792 4869 6804
1348 4819 6792 4820 6797
1349 4820 6797 4826 6815
1350 4824 6815 4826 6825
1351 4812 6825 4824 6835
1352 4808 6835 4812 6856
1353 4808 6856 4813 6870
1354 4810 6870 4813 6883
1355 4802 6883 4810 6888
1356 4786 6888 4802 6892
1357 4780 6892 4786 6897
1358 4779 6897 4780 6905
1359 4776 6905 4779 6923
1360 4776 6923 4777 6933
1361 6744 6876 6755 6884
1362 6728 6850 6744 6876
1363 6680 6791 6728 6850
1364 6676 6791 6680 6791
1365 7543 6895 7543 6905
1366 7514 6865 7543 6895
1367 7485 6828 7514 6865
1368 7461 6800 7485 6828
1369 7455 6792 7461 6800
1370 7443 6774 7455 6792
1371 6819 6919 6858 6937
1372 6858 6896 6879 6919
1373 6879 6882 6959 6896
1374 6959 6869 6988 6882
1375 6988 6854 7021 6869
1376 7021 6833 7056 6854
1377 7056 6821 7064 6833
1378 7064 6777 7068 6821
1379 7063 6774 7068 6777
1380 6727 6773 6746 6783
1381 6686 6782 6727 6783
1382 6676 6782 6686 6791
1383 6755 6861 6765 6884
1384 6765 6846 6777 6861
1385 6777 6827 6799 6846
1386 6799 6815 6801 6827
1387 6801 6796 6801 6815
1388 6801 6772 6818 6796
1389 7063 6769 7069 6774
1390 7075 6767 7086 6774
1391 7086 6773 7109 6774
1392 7109 6773 7127 6779
1393 7127 6779 7131 6787
1394 7131 6787 7152 6800
1395 7152 6800 7172 6816
1396 7172 6816 7190 6824
1397 7190 6824 7205 6825
1398 7205 6825 7223 6838
1399 7223 6838 7230 6840
1400 7230 6840 7236 6843
1401 7236 6829 7294 6843
1402 7294 6829 7328 6863
1403 7328 6863 7361 6889
1404 7361 6889 7364 6898
1405 7069 6767 7075 6769
1406 6778 6765 6818 6772
1407 6763 6765 6778 6765
1408 6746 6765 6763 6773
1409 4017 6876 4030 6894
1410 4030 6846 4036 6876
1411 4036 6841 4042 6846
1412 4042 6840 4056 6841
1413 4056 6840 4077 6841
1414 4077 6807 4122 6841
1415 4122 6802 4127 6807
1416 4127 6799 4130 6802
1417 4130 6785 4134 6799
1418 4134 6779 4142 6785
1419 4142 6771 4173 6779
1420 4173 6764 4179 6771
1421 7061 6774 7063 6776
1422 7013 6773 7061 6776
1423 6967 6760 7013 6773
1424 6932 6758 6967 6760
1425 6902 6758 6932 6759
1426 6885 6757 6902 6759
1427 6860 6757 6885 6761
1428 6850 6761 6860 6763
1429 6832 6763 6850 6770
1430 6818 6770 6832 6772
1431 4017 6892 4031 6894
1432 4031 6882 4052 6892
1433 4052 6848 4093 6882
1434 4093 6831 4127 6848
1435 4127 6820 4160 6831
1436 4160 6812 4172 6820
1437 4172 6801 4188 6812
1438 4188 6789 4200 6801
1439 4200 6771 4212 6789
1440 4212 6741 4219 6771
1441 4179 6748 4192 6764
1442 4192 6743 4201 6748
1443 4201 6741 4219 6743
1444 4780 6778 4819 6792
1445 4763 6759 4780 6778
1446 4763 6743 4766 6759
1447 4764 6727 4766 6743
1448 4756 6725 4764 6727
1449 5038 6823 5080 6838
1450 5013 6818 5038 6823
1451 4985 6818 5013 6818
1452 4966 6808 4985 6818
1453 4898 6768 4966 6808
1454 4872 6748 4898 6768
1455 4850 6722 4872 6748
1456 4842 6714 4850 6722
1457 4837 6714 4842 6715
1458 4829 6715 4837 6720
1459 4823 6720 4829 6740
1460 4823 6740 4827 6753
1461 4823 6753 4827 6764
1462 4823 6764 4830 6779
1463 4819 6779 4830 6792
1464 6647 6788 6676 6791
1465 6624 6781 6647 6788
1466 6608 6768 6624 6781
1467 6603 6766 6608 6768
1468 6580 6766 6603 6767
1469 6552 6763 6580 6767
1470 6501 6733 6552 6763
1471 6500 6732 6501 6733
1472 6376 6709 6500 6732
1473 6355 6703 6376 6709
1474 6344 6702 6355 6703
1475 6335 6702 6344 6705
1476 7428 6739 7443 6774
1477 7418 6730 7428 6739
1478 7411 6700 7418 6730
1479 7389 6700 7411 6701
1480 7364 6701 7389 6708
1481 7328 6708 7364 6712
1482 7310 6712 7328 6717
1483 7283 6717 7310 6732
1484 7254 6732 7283 6738
1485 7231 6738 7254 6749
1486 7223 6749 7231 6750
1487 7212 6750 7223 6751
1488 7184 6751 7212 6751
1489 7158 6751 7184 6753
1490 7158 6752 7158 6753
1491 7075 6752 7158 6767
1492 4219 6733 4230 6741
1493 4230 6724 4253 6733
1494 4253 6708 4283 6724
1495 4283 6703 4287 6708
1496 4287 6693 4288 6703
1497 4219 6731 4227 6741
1498 4227 6721 4248 6731
1499 4248 6702 4281 6721
1500 4281 6693 4288 6702
1501 3823 6781 3841 6787
1502 3817 6772 3823 6781
1503 3817 6762 3818 6772
1504 3818 6748 3826 6762
1505 3809 6744 3826 6748
1506 3785 6744 3809 6744
1507 3767 6740 3785 6744
1508 3743 6729 3767 6740
1509 3743 6724 3743 6729
1510 3719 6711 3743 6724
1511 3703 6702 3719 6711
1512 3683 6699 3703 6702
1513 3668 6689 3683 6699
1514 3661 6689 3668 6689
1515 3651 6689 3661 6690
1516 3632 6690 3651 6701
1517 3621 6701 3632 6705
1518 3598 6705 3621 6728
1519 3587 6728 3598 6750
1520 3576 6750 3587 6758
1521 3566 6758 3576 6760
1522 3563 6760 3566 6768
1523 3556 6768 3563 6773
1524 3552 6773 3556 6788
1525 3550 6788 3552 6795
1526 3541 6795 3550 6799
1527 3525 6799 3541 6801
1528 3515 6801 3525 6808
1529 3502 6808 3515 6809
1530 3492 6809 3502 6817
1531 3470 6817 3492 6819
1532 3447 6819 3470 6819
1533 3430 6817 3447 6819
1534 3412 6808 3430 6817
1535 3389 6808 3412 6809
1536 3381 6804 3389 6809
1537 3374 6802 3381 6804
1538 3362 6798 3374 6802
1539 3328 6798 3362 6801
1540 3284 6801 3328 6809
1541 3267 6809 3284 6815
1542 3262 6815 3267 6824
1543 3231 6824 3262 6833
1544 4439 6831 4467 6848
1545 4467 6816 4473 6831
1546 4473 6808 4486 6816
1547 4486 6800 4489 6808
1548 4484 6791 4489 6800
1549 4473 6784 4484 6791
1550 4473 6774 4478 6784
1551 4478 6763 4480 6774
1552 4480 6748 4492 6763
1553 4492 6738 4496 6748
1554 4496 6734 4498 6738
1555 4498 6687 4499 6734
1556 4499 6685 4500 6687
1557 4500 6680 4502 6685
1558 4500 6678 4502 6680
1559 4453 6648 4492 6649
1560 4492 6649 4500 6649
1561 4453 6648 4457 6654
1562 4457 6654 4500 6678
1563 4502 6671 4506 6680
1564 4506 6661 4506 6671
1565 4506 6648 4513 6661
1566 4500 6648 4513 6649
1567 4435 6642 4453 6648
1568 4428 6838 4439 6848
1569 4424 6828 4428 6838
1570 4424 6788 4439 6828
1571 4439 6773 4448 6788
1572 4448 6749 4451 6773
1573 4449 6731 4451 6749
1574 4441 6717 4449 6731
1575 4441 6688 4452 6717
1576 4444 6665 4452 6688
1577 4435 6642 4444 6665
1578 5960 6878 5967 6885
1579 5953 6876 5960 6878
1580 5951 6867 5953 6876
1581 5951 6843 5962 6867
1582 5957 6821 5962 6843
1583 5937 6806 5957 6821
1584 5923 6769 5937 6806
1585 5901 6714 5923 6769
1586 5899 6688 5901 6714
1587 5899 6677 5905 6688
1588 5905 6667 5906 6677
1589 5906 6663 5911 6667
1590 5911 6646 5912 6663
1591 5912 6637 5913 6646
1592 4415 6635 4435 6642
1593 4389 6853 4390 6866
1594 4377 6783 4389 6853
1595 4377 6761 4379 6783
1596 4379 6742 4390 6761
1597 4390 6699 4414 6742
1598 4412 6683 4414 6699
1599 4405 6670 4412 6683
1600 4405 6647 4409 6670
1601 4409 6639 4415 6647
1602 4415 6635 4415 6639
1603 5363 6871 5382 6880
1604 5382 6868 5397 6871
1605 5397 6847 5437 6868
1606 5437 6825 5468 6847
1607 5468 6819 5483 6825
1608 5483 6819 5493 6819
1609 5493 6802 5508 6819
1610 5508 6799 5516 6802
1611 5516 6788 5543 6799
1612 5543 6769 5557 6788
1613 5550 6756 5557 6769
1614 5550 6750 5550 6756
1615 5550 6732 5561 6750
1616 5561 6713 5582 6732
1617 5582 6703 5601 6713
1618 5601 6703 5601 6704
1619 5601 6703 5615 6704
1620 5615 6703 5617 6703
1621 5617 6695 5621 6703
1622 5621 6688 5631 6695
1623 5631 6672 5646 6688
1624 5646 6653 5676 6672
1625 5676 6653 5724 6663
1626 5724 6663 5767 6664
1627 5767 6663 5779 6664
1628 5779 6663 5795 6663
1629 5795 6663 5806 6664
1630 5806 6652 5828 6664
1631 5828 6647 5853 6652
1632 5853 6645 5884 6647
1633 5884 6635 5900 6645
1634 5900 6635 5913 6637
1635 6329 6705 6335 6711
1636 6307 6704 6329 6711
1637 6257 6704 6307 6712
1638 6219 6712 6257 6731
1639 6209 6727 6219 6731
1640 6194 6727 6209 6728
1641 6172 6726 6194 6728
1642 6151 6720 6172 6726
1643 6137 6716 6151 6720
1644 6102 6713 6137 6716
1645 6067 6696 6102 6713
1646 6061 6696 6067 6699
1647 6037 6696 6061 6699
1648 6025 6692 6037 6696
1649 6000 6686 6025 6692
1650 5970 6683 6000 6686
1651 5967 6679 5970 6683
1652 5963 6678 5967 6679
1653 5953 6676 5963 6678
1654 5953 6658 5953 6676
1655 5931 6643 5953 6658
1656 5925 6631 5931 6643
1657 5913 6631 5925 6637
1658 4742 6721 4756 6725
1659 4709 6702 4742 6721
1660 4691 6697 4709 6702
1661 4677 6691 4691 6697
1662 4672 6691 4677 6691
1663 4651 6676 4672 6691
1664 4633 6670 4651 6676
1665 4609 6649 4633 6670
1666 4604 6643 4609 6649
1667 4593 6628 4604 6643
1668 4593 6626 4593 6628
1669 4513 6637 4518 6648
1670 4518 6627 4518 6637
1671 4514 6621 4518 6627
1672 4514 6621 4514 6621
1673 3168 6620 3168 6649
1674 3165 6649 3168 6666
1675 3164 6666 3165 6689
1676 3164 6689 3167 6701
1677 3167 6701 3168 6724
1678 3165 6724 3168 6740
1679 3165 6740 3170 6745
1680 3170 6745 3171 6747
1681 3171 6747 3200 6766
1682 3200 6766 3207 6775
1683 3207 6775 3209 6801
1684 3209 6801 3216 6818
1685 3216 6818 3223 6827
1686 3223 6827 3231 6833
1687 4413 6619 4415 6635
1688 4288 6686 4294 6693
1689 4294 6665 4317 6686
1690 4317 6648 4330 6665
1691 4330 6643 4337 6648
1692 4337 6631 4367 6643
1693 4367 6619 4413 6631
1694 4431 6639 4435 6642
1695 4421 6615 4431 6639
1696 4413 6615 4421 6619
1697 5924 6629 5925 6631
1698 5916 6625 5924 6629
1699 5916 6620 5917 6625
1700 5917 6609 5927 6620
1701 4512 6618 4514 6621
1702 4500 6609 4512 6618
1703 4496 6606 4500 6609
1704 4496 6605 4500 6606
1705 4754 6711 4756 6725
1706 4754 6705 4756 6711
1707 4746 6694 4756 6705
1708 4744 6675 4746 6694
1709 4717 6661 4744 6675
1710 4692 6634 4717 6661
1711 4666 6618 4692 6634
1712 4662 6616 4666 6618
1713 4652 6605 4662 6616
1714 4651 6603 4652 6605
1715 4421 6597 4430 6615
1716 5927 6603 5941 6609
1717 5941 6597 5968 6603
1718 5968 6597 5985 6597
1719 4593 6624 4593 6626
1720 4573 6599 4593 6624
1721 4566 6594 4573 6599
1722 4500 6599 4553 6605
1723 4553 6594 4566 6599
1724 3877 6595 3929 6595
1725 3857 6593 3877 6595
1726 3840 6593 3857 6593
1727 3825 6593 3840 6597
1728 3811 6597 3825 6613
1729 3801 6613 3811 6614
1730 3783 6613 3801 6614
1731 3767 6613 3783 6624
1732 3760 6624 3767 6637
1733 3727 6637 3760 6645
1734 3700 6645 3727 6658
1735 3668 6658 3700 6689
1736 4487 6593 4500 6593
1737 4491 6602 4496 6606
1738 4487 6593 4491 6602
1739 4645 6593 4651 6603
1740 4630 6586 4645 6593
1741 4577 6575 4630 6586
1742 4566 6575 4577 6594
1743 4551 6582 4566 6594
1744 4536 6575 4551 6582
1745 4523 6575 4536 6577
1746 4521 6577 4523 6581
1747 4521 6581 4524 6584
1748 4518 6584 4524 6591
1749 4504 6591 4518 6593
1750 4500 6593 4504 6593
1751 4410 6609 4413 6619
1752 4391 6601 4410 6609
1753 4384 6591 4391 6601
1754 4367 6583 4384 6591
1755 4357 6579 4367 6583
1756 4352 6579 4357 6579
1757 4347 6573 4352 6579
1758 4164 6757 4179 6764
1759 4152 6755 4164 6757
1760 4152 6747 4156 6755
1761 4144 6743 4156 6747
1762 4143 6739 4144 6743
1763 4143 6729 4149 6739
1764 4149 6700 4149 6729
1765 4149 6689 4155 6700
1766 4155 6683 4155 6689
1767 4155 6683 4170 6683
1768 4170 6680 4177 6683
1769 4177 6672 4177 6680
1770 4174 6664 4177 6672
1771 4171 6658 4174 6664
1772 4171 6636 4173 6658
1773 4173 6608 4178 6636
1774 4178 6591 4188 6608
1775 4188 6581 4204 6591
1776 4204 6581 4243 6583
1777 4243 6580 4265 6583
1778 4265 6579 4275 6580
1779 4275 6579 4306 6579
1780 4306 6577 4322 6579
1781 4322 6573 4347 6577
1782 4444 6570 4449 6572
1783 4430 6572 4444 6597
1784 4486 6589 4487 6593
1785 4469 6577 4486 6589
1786 4463 6570 4469 6577
1787 4456 6568 4463 6570
1788 4449 6568 4456 6570
1789 4896 6567 4906 6580
1790 4890 6580 4896 6585
1791 4890 6585 4892 6593
1792 4881 6593 4892 6612
1793 4881 6612 4883 6620
1794 4883 6620 4890 6630
1795 4890 6630 4895 6652
1796 4882 6652 4895 6672
1797 4879 6672 4882 6687
1798 4879 6687 4879 6689
1799 4867 6689 4879 6704
1800 4847 6704 4867 6713
1801 4842 6713 4847 6714
1802 4416 6588 4430 6597
1803 4416 6581 4417 6588
1804 4406 6572 4417 6581
1805 4405 6567 4406 6572
1806 4347 6567 4405 6573
1807 7411 6695 7411 6700
1808 7411 6689 7414 6695
1809 7414 6657 7481 6689
1810 7481 6625 7528 6657
1811 7528 6622 7562 6625
1812 7562 6621 7583 6622
1813 7583 6600 7614 6621
1814 7614 6584 7647 6600
1815 7647 6565 7698 6584
1816 4440 6565 4449 6570
1817 4405 6565 4440 6567
1818 4456 6562 4459 6568
1819 4440 6562 4459 6565
1820 4577 6562 4584 6575
1821 4584 6562 4612 6567
1822 4612 6567 4631 6569
1823 4631 6562 4665 6569
1824 4836 6708 4842 6714
1825 4836 6708 4838 6708
1826 4807 6659 4838 6708
1827 4787 6642 4807 6659
1828 4771 6637 4787 6642
1829 4742 6617 4771 6637
1830 4739 6610 4742 6617
1831 4737 6603 4739 6610
1832 4696 6567 4737 6603
1833 4694 6561 4696 6567
1834 4665 6561 4694 6562
1835 4694 6560 4727 6561
1836 4727 6560 4760 6567
1837 4760 6567 4814 6569
1838 4814 6567 4830 6569
1839 4830 6561 4844 6567
1840 4844 6560 4854 6561
1841 4854 6560 4889 6566
1842 4889 6566 4898 6567
1843 4898 6567 4906 6567
1844 4536 6558 4545 6558
1845 4545 6558 4559 6562
1846 4559 6560 4578 6562
1847 4578 6560 4584 6562
1848 4539 6565 4577 6575
1849 4536 6558 4539 6565
1850 4536 6558 4536 6575
1851 7859 6558 7869 6560
1852 7869 6560 7904 6573
1853 7904 6573 7965 6608
1854 7965 6608 7994 6632
1855 7994 6632 8014 6641
1856 8014 6641 8045 6657
1857 8045 6657 8064 6674
1858 8064 6674 8071 6700
1859 8071 6700 8094 6716
1860 8094 6716 8098 6727
1861 8098 6727 8120 6745
1862 8120 6745 8157 6774
1863 8157 6774 8184 6819
1864 8182 6819 8184 6833
1865 8182 6833 8192 6854
1866 7811 6795 7849 6919
1867 7809 6790 7811 6795
1868 7803 6783 7809 6790
1869 7786 6782 7803 6783
1870 7769 6775 7786 6782
1871 7768 6765 7769 6775
1872 7768 6738 7774 6765
1873 7751 6709 7774 6738
1874 7751 6690 7762 6709
1875 7762 6649 7784 6690
1876 7770 6627 7784 6649
1877 7768 6614 7770 6627
1878 7768 6598 7776 6614
1879 7775 6584 7776 6598
1880 7771 6569 7775 6584
1881 7768 6555 7771 6569
1882 7698 6564 7709 6565
1883 7709 6555 7737 6564
1884 7737 6555 7752 6557
1885 7752 6555 7768 6557
1886 4500 6551 4536 6558
1887 4459 6551 4477 6562
1888 4477 6551 4500 6551
1889 7768 6551 7801 6555
1890 7801 6551 7844 6554
1891 7844 6554 7859 6558
1892 4584 6543 4593 6562
1893 4536 6551 4548 6558
1894 4548 6551 4570 6551
1895 4570 6547 4581 6551
1896 4581 6543 4593 6547
1897 6776 6541 6778 6546
1898 6773 6546 6776 6578
1899 6757 6578 6773 6592
1900 6757 6592 6758 6608
1901 6755 6608 6758 6615
1902 6755 6615 6767 6642
1903 6764 6642 6767 6657
1904 6764 6657 6765 6662
1905 6765 6662 6768 6684
1906 6768 6684 6778 6699
1907 6777 6699 6778 6714
1908 6777 6714 6780 6723
1909 6775 6723 6780 6734
1910 6751 6734 6775 6753
1911 6746 6753 6751 6763
1912 6746 6763 6746 6773
1913 6756 6533 6778 6541
1914 6733 6533 6756 6544
1915 6709 6544 6733 6545
1916 6692 6545 6709 6553
1917 6665 6553 6692 6559
1918 6652 6559 6665 6566
1919 6621 6566 6652 6575
1920 6601 6575 6621 6587
1921 6591 6587 6601 6593
1922 6591 6593 6603 6601
1923 6601 6601 6603 6601
1924 6601 6601 6604 6613
1925 6599 6613 6604 6617
1926 6582 6617 6599 6619
1927 6561 6619 6582 6642
1928 6527 6642 6561 6652
1929 6513 6651 6527 6652
1930 6490 6651 6513 6657
1931 6480 6657 6490 6658
1932 6454 6658 6480 6661
1933 6442 6659 6454 6661
1934 6412 6659 6442 6661
1935 6397 6661 6412 6666
1936 6388 6666 6397 6673
1937 6367 6673 6388 6677
1938 6354 6677 6367 6682
1939 6336 6682 6354 6693
1940 6332 6693 6336 6702
1941 6332 6702 6335 6705
1942 4655 6550 4665 6562
1943 4647 6534 4655 6550
1944 4641 6529 4647 6534
1945 4593 6537 4609 6543
1946 4609 6529 4641 6537
1947 6782 6529 6783 6533
1948 6778 6533 6783 6541
1949 4579 6527 4593 6543
1950 4536 6537 4536 6558
1951 4526 6527 4536 6537
1952 4401 6555 4405 6567
1953 4401 6535 4436 6555
1954 4432 6526 4436 6535
1955 2616 6578 2633 6581
1956 2597 6569 2616 6578
1957 2574 6562 2597 6569
1958 2507 6526 2574 6562
1959 4517 6522 4526 6527
1960 4500 6522 4517 6527
1961 2558 6530 2631 6531
1962 2525 6526 2558 6530
1963 2521 6521 2525 6526
1964 2507 6521 2521 6526
1965 4432 6521 4469 6526
1966 4469 6521 4476 6528
1967 4476 6528 4477 6529
1968 4477 6527 4498 6529
1969 4498 6527 4500 6527
1970 7153 6519 7176 6548
1971 7133 6548 7153 6570
1972 7122 6570 7133 6591
1973 7103 6591 7122 6602
1974 7098 6602 7103 6615
1975 7074 6615 7098 6626
1976 7068 6626 7074 6629
1977 7040 6629 7068 6645
1978 7040 6645 7046 6667
1979 7044 6667 7046 6690
1980 7044 6690 7047 6707
1981 7041 6707 7047 6721
1982 7041 6721 7050 6735
1983 7050 6735 7055 6740
1984 7055 6740 7059 6744
1985 7059 6744 7066 6759
1986 7066 6759 7069 6769
1987 4509 6517 4517 6522
1988 4500 6515 4509 6517
1989 6818 6749 6834 6772
1990 6834 6720 6859 6749
1991 6859 6700 6863 6720
1992 6863 6686 6877 6700
1993 6867 6658 6877 6686
1994 6867 6655 6868 6658
1995 6868 6625 6876 6655
1996 6875 6611 6876 6625
1997 6870 6604 6875 6611
1998 6851 6587 6870 6604
1999 6824 6571 6851 6587
2000 6818 6562 6824 6571
2001 6818 6548 6824 6562
2002 6824 6543 6831 6548
2003 6831 6535 6843 6543
2004 6843 6514 6858 6535
2005 8468 6511 8478 6556
2006 8444 6556 8468 6574
2007 8439 6574 8444 6580
2008 8438 6580 8439 6588
2009 8438 6588 8442 6609
2010 8425 6609 8442 6629
2011 8403 6629 8425 6653
2012 8387 6653 8403 6669
2013 8376 6669 8387 6693
2014 8306 6693 8376 6728
2015 8287 6728 8306 6737
2016 8275 6737 8287 6767
2017 8242 6767 8275 6797
2018 8225 6797 8242 6826
2019 8214 6826 8225 6839
2020 8206 6839 8214 6848
2021 8192 6848 8206 6854
2022 4631 6521 4641 6529
2023 4607 6512 4631 6521
2024 4598 6511 4607 6512
2025 4579 6511 4598 6527
2026 4526 6511 4542 6527
2027 4585 6509 4598 6511
2028 4549 6509 4585 6512
2029 4542 6511 4549 6512
2030 6782 6529 6800 6530
2031 6800 6524 6820 6530
2032 6820 6510 6850 6524
2033 6850 6508 6857 6510
2034 4066 6508 4075 6516
2035 4045 6516 4066 6548
2036 4027 6548 4045 6565
2037 3998 6565 4027 6583
2038 3958 6583 3998 6587
2039 3940 6587 3958 6593
2040 3932 6593 3940 6596
2041 3932 6595 3932 6596
2042 3929 6595 3932 6595
2043 3226 6833 3231 6835
2044 3226 6835 3227 6842
2045 3203 6842 3227 6856
2046 3194 6856 3203 6856
2047 3183 6838 3194 6856
2048 3181 6831 3183 6838
2049 3172 6828 3181 6831
2050 3163 6815 3172 6828
2051 3156 6791 3163 6815
2052 3140 6778 3156 6791
2053 3139 6776 3140 6778
2054 3116 6738 3139 6776
2055 3116 6725 3116 6738
2056 3116 6706 3129 6725
2057 3114 6685 3129 6706
2058 3111 6658 3114 6685
2059 3110 6656 3111 6658
2060 3108 6650 3110 6656
2061 3108 6640 3109 6650
2062 3097 6613 3109 6640
2063 3094 6551 3097 6613
2064 3092 6535 3094 6551
2065 3092 6532 3092 6535
2066 3092 6523 3093 6532
2067 3093 6506 3100 6523
2068 8478 6501 8498 6511
2069 8489 6498 8498 6501
2070 3588 6496 3594 6502
2071 3575 6502 3588 6506
2072 3565 6506 3575 6514
2073 3553 6514 3565 6534
2074 3553 6534 3556 6541
2075 3556 6541 3574 6559
2076 3574 6559 3576 6579
2077 3576 6579 3585 6592
2078 3580 6592 3585 6602
2079 3580 6602 3580 6608
2080 3580 6608 3580 6615
2081 3580 6615 3594 6636
2082 3594 6636 3619 6654
2083 3619 6654 3626 6675
2084 3626 6675 3639 6681
2085 3639 6681 3659 6685
2086 3659 6685 3661 6689
2087 7176 6519 7185 6520
2088 7185 6513 7185 6520
2089 7185 6512 7195 6513
2090 7195 6512 7290 6531
2091 7290 6531 7314 6531
2092 7314 6531 7331 6533
2093 7331 6527 7369 6533
2094 7369 6525 7382 6527
2095 7382 6523 7408 6525
2096 7408 6521 7435 6523
2097 7435 6521 7435 6522
2098 7435 6522 7466 6523
2099 7466 6519 7506 6523
2100 7506 6507 7548 6519
2101 7548 6499 7568 6507
2102 7568 6496 7574 6499
2103 7574 6496 7613 6510
2104 7613 6510 7659 6540
2105 7659 6540 7681 6546
2106 7681 6546 7698 6565
2107 3128 6496 3135 6512
2108 3122 6512 3135 6543
2109 3122 6543 3123 6570
2110 3123 6570 3128 6581
2111 3128 6581 3164 6608
2112 3100 6503 3118 6506
2113 3118 6496 3128 6503
2114 8483 6494 8489 6498
2115 8477 6494 8483 6495
2116 8474 6495 8477 6497
2117 8473 6497 8474 6505
2118 8473 6505 8478 6511
2119 4695 6488 4721 6499
2120 4687 6499 4695 6509
2121 4675 6509 4687 6514
2122 4659 6514 4675 6518
2123 4641 6518 4659 6529
2124 6888 6488 6888 6498
2125 6884 6498 6888 6504
2126 6873 6504 6884 6510
2127 6858 6510 6873 6514
2128 6857 6506 6858 6508
2129 6858 6488 6888 6506
2130 3659 6484 3659 6485
2131 3659 6485 3667 6492
2132 3667 6492 3681 6497
2133 3681 6497 3696 6515
2134 3696 6515 3708 6525
2135 3708 6525 3722 6530
2136 3722 6530 3779 6540
2137 3779 6540 3799 6545
2138 3799 6544 3826 6545
2139 3826 6544 3832 6544
2140 3832 6544 3929 6595
2141 3610 6484 3659 6499
2142 3594 6496 3610 6499
2143 6888 6482 6898 6488
2144 4737 6476 4752 6482
2145 4721 6482 4737 6488
2146 4585 6491 4623 6509
2147 4623 6481 4660 6491
2148 4660 6476 4737 6481
2149 4737 6476 4752 6476
2150 3100 6483 3103 6506
2151 3097 6472 3103 6483
2152 1892 6474 1900 6475
2153 1826 6472 1892 6475
2154 1684 6588 1719 6608
2155 1719 6581 1740 6588
2156 1740 6559 1757 6581
2157 1757 6546 1759 6559
2158 1759 6539 1765 6546
2159 1765 6534 1779 6539
2160 1779 6519 1792 6534
2161 1792 6513 1794 6519
2162 1794 6483 1817 6513
2163 1817 6472 1826 6483
2164 1984 6470 1985 6474
2165 1985 6474 1994 6484
2166 1994 6484 1996 6492
2167 1996 6492 2012 6506
2168 2012 6506 2030 6511
2169 2030 6510 2042 6511
2170 2042 6510 2058 6516
2171 2058 6516 2108 6547
2172 2108 6547 2128 6549
2173 2128 6549 2161 6552
2174 2161 6552 2262 6571
2175 2262 6568 2274 6571
2176 2274 6566 2288 6568
2177 2288 6566 2298 6575
2178 2298 6575 2324 6577
2179 2324 6577 2378 6580
2180 2378 6577 2387 6580
2181 2387 6574 2406 6577
2182 2406 6563 2417 6574
2183 2417 6537 2477 6563
2184 2477 6526 2507 6537
2185 4418 6499 4432 6526
2186 4417 6477 4418 6499
2187 4417 6469 4425 6477
2188 1972 6469 1984 6470
2189 1912 6469 1972 6471
2190 1900 6471 1912 6474
2191 3128 6492 3129 6496
2192 3115 6473 3129 6492
2193 3101 6465 3115 6473
2194 3097 6465 3101 6472
2195 5994 6464 5996 6478
2196 5981 6478 5994 6499
2197 5980 6499 5981 6514
2198 5980 6514 5982 6533
2199 5982 6533 5993 6560
2200 4752 6463 4836 6476
2201 2521 6470 2525 6521
2202 2523 6465 2525 6470
2203 2520 6459 2523 6465
2204 2504 6525 2507 6526
2205 2496 6514 2504 6525
2206 2496 6498 2498 6514
2207 2498 6497 2499 6498
2208 2499 6486 2510 6497
2209 2510 6459 2520 6486
2210 6766 6455 6770 6463
2211 6766 6463 6766 6506
2212 6766 6506 6780 6520
2213 6780 6520 6782 6529
2214 4494 6502 4500 6515
2215 4494 6463 4498 6502
2216 4495 6453 4498 6463
2217 4425 6469 4466 6470
2218 4466 6463 4483 6470
2219 4483 6453 4495 6463
2220 4255 6452 4268 6454
2221 4268 6454 4313 6469
2222 4313 6469 4339 6472
2223 4339 6469 4425 6472
2224 4075 6485 4121 6508
2225 4121 6473 4155 6485
2226 4155 6470 4171 6473
2227 4171 6465 4183 6470
2228 4183 6461 4199 6465
2229 4199 6461 4215 6463
2230 4215 6455 4233 6463
2231 4233 6451 4251 6455
2232 4251 6451 4255 6452
2233 8838 6450 8870 6451
2234 8821 6451 8838 6451
2235 8809 6451 8821 6454
2236 8796 6454 8809 6455
2237 8783 6452 8796 6455
2238 8749 6452 8783 6454
2239 8734 6450 8749 6454
2240 8700 6450 8734 6452
2241 8653 6452 8700 6466
2242 8638 6466 8653 6469
2243 8625 6469 8638 6472
2244 8592 6472 8625 6489
2245 8576 6489 8592 6495
2246 8546 6495 8576 6499
2247 8525 6499 8546 6504
2248 8512 6500 8525 6504
2249 8500 6500 8512 6501
2250 8498 6501 8500 6501
2251 3555 6490 3594 6496
2252 3521 6474 3555 6490
2253 3503 6452 3521 6474
2254 3495 6448 3503 6452
2255 6898 6477 6934 6482
2256 6934 6469 6949 6477
2257 6949 6453 7013 6469
2258 7013 6452 7038 6453
2259 7038 6446 7058 6452
2260 7058 6446 7087 6458
2261 7087 6458 7109 6466
2262 7109 6466 7118 6475
2263 7118 6475 7129 6494
2264 7129 6494 7132 6504
2265 7132 6504 7153 6518
2266 7153 6518 7176 6519
2267 4471 6453 4495 6453
2268 4444 6441 4471 6453
2269 4427 6436 4444 6441
2270 4426 6436 4427 6451
2271 4425 6451 4426 6469
2272 5985 6597 5989 6597
2273 5989 6595 5989 6597
2274 5989 6591 6007 6595
2275 6007 6591 6038 6591
2276 6038 6586 6081 6591
2277 6081 6585 6124 6586
2278 6124 6581 6138 6585
2279 6138 6579 6153 6581
2280 6153 6571 6165 6579
2281 6165 6564 6174 6571
2282 6174 6558 6189 6564
2283 6189 6552 6213 6558
2284 6213 6528 6257 6552
2285 6257 6520 6270 6528
2286 6270 6500 6282 6520
2287 6282 6484 6310 6500
2288 6310 6484 6311 6484
2289 6311 6473 6313 6484
2290 6313 6460 6330 6473
2291 6330 6448 6338 6460
2292 6338 6437 6355 6448
2293 6355 6431 6356 6437
2294 5927 6491 5969 6609
2295 5969 6487 5974 6491
2296 5974 6487 5975 6487
2297 5975 6466 5987 6487
2298 5987 6459 5988 6466
2299 5988 6430 5997 6459
2300 4906 6567 4954 6572
2301 4954 6572 4988 6573
2302 4988 6562 5067 6573
2303 5067 6561 5114 6562
2304 5114 6560 5126 6561
2305 5126 6551 5172 6560
2306 5172 6548 5197 6551
2307 5197 6529 5263 6548
2308 5263 6519 5310 6529
2309 5310 6519 5311 6519
2310 5311 6511 5386 6519
2311 5386 6510 5386 6511
2312 5386 6510 5436 6510
2313 5436 6510 5494 6511
2314 5494 6506 5518 6511
2315 5518 6499 5557 6506
2316 5557 6498 5604 6499
2317 5604 6488 5695 6498
2318 5695 6487 5725 6488
2319 5725 6487 5738 6487
2320 5738 6487 5768 6490
2321 5768 6489 5786 6490
2322 5786 6454 5858 6489
2323 5858 6435 5904 6454
2324 5904 6431 5919 6435
2325 5919 6430 5944 6431
2326 5944 6430 5971 6432
2327 5971 6430 5997 6432
2328 6759 6452 6770 6455
2329 6734 6452 6759 6456
2330 6696 6456 6734 6464
2331 6685 6464 6696 6465
2332 6667 6461 6685 6465
2333 6607 6461 6667 6466
2334 6565 6466 6607 6466
2335 6561 6466 6565 6466
2336 6538 6461 6561 6466
2337 6526 6461 6538 6462
2338 6485 6449 6526 6462
2339 6461 6446 6485 6449
2340 6429 6446 6461 6449
2341 6409 6445 6429 6449
2342 6389 6443 6409 6445
2343 6370 6434 6389 6443
2344 6360 6429 6370 6434
2345 6356 6429 6360 6431
2346 5996 6457 5998 6464
2347 5998 6447 6008 6457
2348 6008 6434 6013 6447
2349 6013 6426 6019 6434
2350 5997 6429 6007 6430
2351 6007 6426 6019 6429
2352 3474 6438 3495 6448
2353 3447 6430 3474 6438
2354 3404 6428 3447 6430
2355 3391 6426 3404 6428
2356 3382 6426 3391 6431
2357 3367 6430 3382 6431
2358 3356 6430 3367 6433
2359 3331 6433 3356 6434
2360 3313 6434 3331 6441
2361 3306 6441 3313 6445
2362 3278 6445 3306 6462
2363 3265 6462 3278 6468
2364 3247 6467 3265 6468
2365 3146 6467 3247 6495
2366 3128 6495 3146 6496
2367 6759 6416 6769 6431
2368 6769 6431 6772 6451
2369 6770 6451 6772 6455
2370 4483 6429 4495 6453
2371 4483 6413 4485 6429
2372 4451 6413 4485 6433
2373 4450 6432 4451 6433
2374 4427 6432 4450 6436
2375 4483 6391 4500 6412
2376 4483 6412 4485 6413
2377 4500 6391 4502 6391
2378 1814 6466 1826 6472
2379 1788 6461 1814 6466
2380 1757 6441 1788 6461
2381 1721 6410 1757 6441
2382 1714 6391 1721 6410
2383 4529 6390 4542 6433
2384 4531 6433 4542 6464
2385 4528 6464 4531 6479
2386 4528 6479 4545 6504
2387 4542 6504 4545 6511
2388 4502 6390 4529 6391
2389 6129 6381 6169 6384
2390 6169 6384 6193 6396
2391 6193 6396 6224 6409
2392 6224 6409 6321 6425
2393 6321 6425 6337 6428
2394 6337 6428 6337 6429
2395 6337 6429 6350 6429
2396 6350 6429 6356 6431
2397 6122 6381 6129 6381
2398 6019 6417 6058 6426
2399 6058 6405 6085 6417
2400 6085 6385 6121 6405
2401 6121 6381 6122 6385
2402 4502 6381 4505 6391
2403 4500 6381 4505 6381
2404 5037 6378 5048 6418
2405 5037 6418 5044 6432
2406 5044 6432 5060 6446
2407 5025 6446 5060 6489
2408 5017 6489 5025 6493
2409 5009 6493 5017 6498
2410 4994 6498 5009 6502
2411 4980 6502 4994 6504
2412 4978 6504 4980 6509
2413 4955 6509 4978 6518
2414 4924 6518 4955 6541
2415 4906 6541 4924 6567
2416 5018 6378 5048 6379
2417 5003 6379 5018 6390
2418 4954 6390 5003 6404
2419 4936 6404 4954 6423
2420 4898 6423 4936 6432
2421 4888 6432 4898 6438
2422 4877 6438 4888 6439
2423 4875 6439 4877 6439
2424 4867 6439 4875 6446
2425 4862 6446 4867 6454
2426 4842 6454 4862 6462
2427 4836 6462 4842 6463
2428 5048 6377 5073 6378
2429 5073 6377 5089 6380
2430 5089 6378 5099 6380
2431 5099 6378 5133 6381
2432 5133 6378 5160 6381
2433 5160 6378 5173 6380
2434 5173 6380 5200 6380
2435 5200 6380 5215 6384
2436 5215 6377 5225 6384
2437 5225 6377 5241 6377
2438 5241 6377 5252 6379
2439 4525 6376 4529 6390
2440 4505 6381 4511 6381
2441 4511 6377 4517 6381
2442 4517 6376 4525 6377
2443 4525 6376 4530 6376
2444 4366 6374 4375 6382
2445 4375 6382 4406 6397
2446 4406 6397 4420 6406
2447 4420 6406 4428 6420
2448 4427 6420 4428 6436
2449 4379 6373 4385 6373
2450 4385 6373 4408 6374
2451 4408 6374 4500 6381
2452 4379 6373 4395 6380
2453 4395 6380 4407 6389
2454 4407 6389 4413 6397
2455 4413 6397 4426 6402
2456 4426 6402 4435 6426
2457 4427 6426 4435 6436
2458 4366 6373 4379 6374
2459 4306 6372 4366 6374
2460 4255 6440 4268 6452
2461 4268 6425 4291 6440
2462 4291 6402 4292 6425
2463 4292 6379 4304 6402
2464 4304 6372 4306 6379
2465 6940 6368 6968 6407
2466 6912 6407 6940 6436
2467 6899 6436 6912 6446
2468 6889 6446 6899 6462
2469 6888 6462 6889 6482
2470 6888 6482 6888 6488
2471 1714 6390 1721 6391
2472 1721 6383 1734 6390
2473 1734 6367 1746 6383
2474 6759 6387 6805 6416
2475 6805 6380 6839 6387
2476 6839 6369 6867 6380
2477 6867 6366 6885 6369
2478 6885 6365 6910 6366
2479 6910 6365 6939 6366
2480 6939 6366 6968 6368
2481 1709 6370 1714 6391
2482 1709 6364 1714 6370
2483 1714 6362 1723 6364
2484 1723 6360 1728 6362
2485 1728 6360 1746 6367
2486 4640 6355 4651 6355
2487 4620 6355 4640 6361
2488 4593 6361 4620 6378
2489 4559 6378 4593 6384
2490 4529 6384 4559 6390
2491 2086 6351 2101 6369
2492 2081 6369 2086 6381
2493 2061 6381 2081 6410
2494 2045 6410 2061 6424
2495 2015 6424 2045 6439
2496 1995 6439 2015 6457
2497 1984 6457 1995 6467
2498 1984 6467 1984 6470
2499 1685 6349 1695 6359
2500 1695 6358 1717 6359
